BB   0.609189 +0.0415752 -0.0415752  -0.0659632   0.0751875  0   0 
BL   0.791582 +0.0336003 -0.0336003  0.0280124   -0.0279812  0   0 
CC   1.16843 +0.173022 -0.173022  0.0450117   -0.042801  0   0 
CL   0.907593 +0.0870298 -0.0870298  -0.02235   0.0230367  0   0 
LL   0.695381 +0.0176205 -0.0176205  -0.00519051   0.00205889  0   0 
gamma_stat_mjmeanSd0_2TAG_bin_0   1.00153 +0.0887366 -0.0887366  -5.85948e-05   5.50661e-05  0   0 
gamma_stat_mjmeanSd0_2TAG_bin_1   0.948543 +0.169137 -0.169137  -0.000170547   0.000168481  0   0 
gamma_stat_mjmeanSd0_2TAG_bin_10   1.01404 +0.0304069 -0.0304069  -0.00127655   0.00126352  0   0 
gamma_stat_mjmeanSd0_2TAG_bin_11   1.01429 +0.0256772 -0.0256772  -0.0012383   0.00121516  0   0 
gamma_stat_mjmeanSd0_2TAG_bin_12   1.00782 +0.0222782 -0.0222782  -0.00194904   0.00189654  0   0 
gamma_stat_mjmeanSd0_2TAG_bin_18   0.997631 +0.0203294 -0.0203294  -0.00106431   0.00106688  0   0 
gamma_stat_mjmeanSd0_2TAG_bin_19   0.999255 +0.021459 -0.021459  -0.000969344   0.000963942  0   0 
gamma_stat_mjmeanSd0_2TAG_bin_2   0.995682 +0.0773551 -0.0773551  -0.000119609   0.000116258  0   0 
gamma_stat_mjmeanSd0_2TAG_bin_20   0.99567 +0.0240607 -0.0240607  -0.00095342   0.000959786  0   0 
gamma_stat_mjmeanSd0_2TAG_bin_21   0.99597 +0.0259669 -0.0259669  -0.000784046   0.000787909  0   0 
gamma_stat_mjmeanSd0_2TAG_bin_22   1.00084 +0.0274026 -0.0274026  -0.00069266   0.000682005  0   0 
gamma_stat_mjmeanSd0_2TAG_bin_23   0.997434 +0.0204355 -0.0204355  -0.000494008   0.000492485  0   0 
gamma_stat_mjmeanSd0_2TAG_bin_24   0.994023 +0.0332824 -0.0332824  -0.000496541   0.000497384  0   0 
gamma_stat_mjmeanSd0_2TAG_bin_25   0.998074 +0.0211202 -0.0211202  -0.000194597   0.000191821  0   0 
gamma_stat_mjmeanSd0_2TAG_bin_26   0.999091 +0.0322701 -0.0322701  -0.000203207   0.000199492  0   0 
gamma_stat_mjmeanSd0_2TAG_bin_27   0.999562 +0.0274449 -0.0274449  -4.44256e-05   4.09246e-05  0   0 
gamma_stat_mjmeanSd0_2TAG_bin_3   0.985744 +0.0881134 -0.0881134  -0.000172926   0.00017042  0   0 
gamma_stat_mjmeanSd0_2TAG_bin_4   1.01158 +0.0780256 -0.0780256  -0.000245364   0.000240855  0   0 
gamma_stat_mjmeanSd0_2TAG_bin_5   1.00776 +0.0498202 -0.0498202  -0.000179375   0.000174946  0   0 
gamma_stat_mjmeanSd0_2TAG_bin_6   1.0312 +0.0686225 -0.0686225  -0.000799591   0.000792757  0   0 
gamma_stat_mjmeanSd0_2TAG_bin_7   1.00016 +0.0432667 -0.0432667  -0.000448745   0.000443393  0   0 
gamma_stat_mjmeanSd0_2TAG_bin_8   1.0139 +0.0402744 -0.0402744  -0.000700711   0.000693216  0   0 
gamma_stat_mjmeanSd0_2TAG_bin_9   1.00996 +0.0372546 -0.0372546  -0.00115002   0.00113532  0   0 
gamma_stat_mjmeanSd0_bin_0   1.02415 +0.129105 -0.129105  -0.000134345   0.000131607  0   0 
gamma_stat_mjmeanSd0_bin_1   1.01968 +0.121551 -0.121551  -3.95707e-06   1.46446e-06  0   0 
gamma_stat_mjmeanSd0_bin_10   0.998139 +0.048864 -0.048864  -0.000456284   0.000458772  0   0 
gamma_stat_mjmeanSd0_bin_11   1.01019 +0.0374136 -0.0374136  -0.000193556   0.00020293  0   0 
gamma_stat_mjmeanSd0_bin_12   1.0214 +0.0335555 -0.0335555  -0.00023247   0.000180113  0   0 
gamma_stat_mjmeanSd0_bin_13   0.997172 +0.0294399 -0.0294399  0.000264704   -0.000256244  0   0 
gamma_stat_mjmeanSd0_bin_14   0.999349 +0.023427 -0.023427  -0.00022249   0.000226834  0   0 
gamma_stat_mjmeanSd0_bin_15   0.997424 +0.0201489 -0.0201489  9.78367e-05   -9.24751e-05  0   0 
gamma_stat_mjmeanSd0_bin_2   1.0137 +0.104896 -0.104896  0.000178209   -0.000180937  0   0 
gamma_stat_mjmeanSd0_bin_3   0.980163 +0.0942092 -0.0942092  -2.99956e-05   2.58441e-05  0   0 
gamma_stat_mjmeanSd0_bin_31   0.989198 +0.0238492 -0.0238492  0.00106749   -0.0010889  0   0 
gamma_stat_mjmeanSd0_bin_32   1.00111 +0.0222858 -0.0222858  0.0011901   -0.00120208  0   0 
gamma_stat_mjmeanSd0_bin_33   0.98781 +0.0238367 -0.0238367  0.00148861   -0.0015148  0   0 
gamma_stat_mjmeanSd0_bin_34   0.997589 +0.024294 -0.024294  0.00114791   -0.00116187  0   0 
gamma_stat_mjmeanSd0_bin_35   1.00328 +0.0280838 -0.0280838  0.000804495   -0.000813965  0   0 
gamma_stat_mjmeanSd0_bin_36   1.00278 +0.0304205 -0.0304205  0.000800629   -0.000808613  0   0 
gamma_stat_mjmeanSd0_bin_37   0.955344 +0.0527621 -0.0527621  0.00127037   -0.000268903  0   0 
gamma_stat_mjmeanSd0_bin_38   0.995747 +0.0342575 -0.0342575  0.000849001   -0.000859991  0   0 
gamma_stat_mjmeanSd0_bin_39   0.993217 +0.0360685 -0.0360685  0.000511265   -0.000520153  0   0 
gamma_stat_mjmeanSd0_bin_4   1.01114 +0.0850327 -0.0850327  -0.000224285   0.000223432  0   0 
gamma_stat_mjmeanSd0_bin_40   0.994745 +0.0418026 -0.0418026  0.000492435   -0.000501453  0   0 
gamma_stat_mjmeanSd0_bin_41   0.984775 +0.0432263 -0.0432263  0.000794281   -0.000802623  0   0 
gamma_stat_mjmeanSd0_bin_42   0.998896 +0.0458905 -0.0458905  0.000504546   -0.000510902  0   0 
gamma_stat_mjmeanSd0_bin_43   0.996667 +0.0507739 -0.0507739  0.000328157   -0.000334117  0   0 
gamma_stat_mjmeanSd0_bin_44   1.01489 +0.0558375 -0.0558375  0.000276367   -0.000277732  0   0 
gamma_stat_mjmeanSd0_bin_45   1.00446 +0.0513763 -0.0513763  0.000308424   -0.000311691  0   0 
gamma_stat_mjmeanSd0_bin_46   0.997044 +0.0671671 -0.0671671  0.00049413   -0.000500302  0   0 
gamma_stat_mjmeanSd0_bin_47   1.0097 +0.073254 -0.073254  -7.11445e-06   5.62562e-06  0   0 
gamma_stat_mjmeanSd0_bin_48   0.995741 +0.0669085 -0.0669085  0.000180833   -0.000185095  0   0 
gamma_stat_mjmeanSd0_bin_49   0.946375 +0.138055 -0.138055  -0.00030105   0.000296215  0   0 
gamma_stat_mjmeanSd0_bin_5   1.00194 +0.0732671 -0.0732671  -0.000107687   0.000105441  0   0 
gamma_stat_mjmeanSd0_bin_50   1.02415 +0.112238 -0.112238  0.000218044   -0.000220831  0   0 
gamma_stat_mjmeanSd0_bin_51   1.00742 +0.0998446 -0.0998446  0.000105763   -0.000109201  0   0 
gamma_stat_mjmeanSd0_bin_6   1.00475 +0.0988223 -0.0988223  -0.000265473   0.000264802  0   0 
gamma_stat_mjmeanSd0_bin_7   1.00664 +0.0787379 -0.0787379  -0.000316721   0.000318206  0   0 
gamma_stat_mjmeanSd0_bin_8   1.01404 +0.0495037 -0.0495037  -0.000148011   0.000148712  0   0 
gamma_stat_mjmeanSd0_bin_9   0.986287 +0.0537728 -0.0537728  -0.000123063   0.000120667  0   0 
gamma_stat_nmjmeanSd0_2TAG_bin_0   1.00658 +0.15295 -0.15295  -3.31679e-05   2.96367e-05  0   0 
gamma_stat_nmjmeanSd0_2TAG_bin_1   0.999671 +0.0910884 -0.0910884  -3.08139e-05   2.72733e-05  0   0 
gamma_stat_nmjmeanSd0_2TAG_bin_15   1.00081 +0.0228361 -0.0228361  -0.00113683   0.0011038  0   0 
gamma_stat_nmjmeanSd0_2TAG_bin_16   0.99405 +0.0256921 -0.0256921  -0.000711357   0.000748215  0   0 
gamma_stat_nmjmeanSd0_2TAG_bin_17   0.997667 +0.0263448 -0.0263448  -0.000723985   0.000733618  0   0 
gamma_stat_nmjmeanSd0_2TAG_bin_18   0.99306 +0.0249249 -0.0249249  -0.000586686   0.000609678  0   0 
gamma_stat_nmjmeanSd0_2TAG_bin_19   0.993901 +0.0315512 -0.0315512  -0.000515932   0.000536173  0   0 
gamma_stat_nmjmeanSd0_2TAG_bin_2   1.01893 +0.113532 -0.113532  -4.80313e-05   4.40876e-05  0   0 
gamma_stat_nmjmeanSd0_2TAG_bin_20   0.996372 +0.0274219 -0.0274219  -0.000379651   0.000387108  0   0 
gamma_stat_nmjmeanSd0_2TAG_bin_21   0.994698 +0.0324325 -0.0324325  -0.00038173   0.000392551  0   0 
gamma_stat_nmjmeanSd0_2TAG_bin_22   0.999654 +0.032032 -0.032032  -0.000187802   0.00018247  0   0 
gamma_stat_nmjmeanSd0_2TAG_bin_23   0.997785 +0.0362665 -0.0362665  -0.000244568   0.000245695  0   0 
gamma_stat_nmjmeanSd0_2TAG_bin_24   1.00006 +0.0444546 -0.0444546  -0.000261473   0.000255854  0   0 
gamma_stat_nmjmeanSd0_2TAG_bin_25   1.00561 +0.0406251 -0.0406251  -0.000257321   0.000240403  0   0 
gamma_stat_nmjmeanSd0_2TAG_bin_26   0.997072 +0.031689 -0.031689  -7.71984e-05   7.57906e-05  0   0 
gamma_stat_nmjmeanSd0_2TAG_bin_27   0.974913 +0.0586728 -0.0586728  -0.000118797   0.000133213  0   0 
gamma_stat_nmjmeanSd0_2TAG_bin_28   0.979586 +0.0581257 -0.0581257  -2.6993e-05   3.47214e-05  0   0 
gamma_stat_nmjmeanSd0_2TAG_bin_29   0.997442 +0.0312252 -0.0312252  -2.47626e-05   2.19638e-05  0   0 
gamma_stat_nmjmeanSd0_2TAG_bin_3   1.01134 +0.0790201 -0.0790201  -0.000174519   0.000170434  0   0 
gamma_stat_nmjmeanSd0_2TAG_bin_30   0.979198 +0.0790069 -0.0790069  -7.16715e-05   7.32713e-05  0   0 
gamma_stat_nmjmeanSd0_2TAG_bin_31   1.00231 +0.0873023 -0.0873023  -9.3556e-05   8.90454e-05  0   0 
gamma_stat_nmjmeanSd0_2TAG_bin_32   0.999842 +0.0412561 -0.0412561  -7.93868e-06   4.41408e-06  0   0 
gamma_stat_nmjmeanSd0_2TAG_bin_4   0.999059 +0.0463023 -0.0463023  -6.49876e-05   6.13292e-05  0   0 
gamma_stat_nmjmeanSd0_2TAG_bin_5   0.996631 +0.0614481 -0.0614481  -0.000174212   0.000170969  0   0 
gamma_stat_nmjmeanSd0_2TAG_bin_6   1.01079 +0.0515141 -0.0515141  -0.000290229   0.000281772  0   0 
gamma_stat_nmjmeanSd0_2TAG_bin_7   1.03375 +0.0490103 -0.0490103  -0.000611319   0.000507167  0   0 
gamma_stat_nmjmeanSd0_2TAG_bin_8   1.00765 +0.0385283 -0.0385283  -0.000484417   0.000472683  0   0 
gamma_stat_nmjmeanSd0_2TAG_bin_9   1.01622 +0.0328862 -0.0328862  -0.00101528   0.00100361  0   0 
gamma_stat_nmjmeanSd0_bin_0   1.03142 +0.124072 -0.124072  0.000176645   -0.000180738  0   0 
gamma_stat_nmjmeanSd0_bin_1   0.904508 +0.203167 -0.203167  0.00050882   -0.000512085  0   0 
gamma_stat_nmjmeanSd0_bin_10   1.00259 +0.0778357 -0.0778357  0.00100279   -0.00100476  0   0 
gamma_stat_nmjmeanSd0_bin_11   1.0105 +0.0656836 -0.0656836  0.0014819   -0.00148057  0   0 
gamma_stat_nmjmeanSd0_bin_12   1.02852 +0.0573602 -0.0573602  0.000953448   -0.000956786  0   0 
gamma_stat_nmjmeanSd0_bin_13   0.96808 +0.0501409 -0.0501409  0.000832106   -0.000836177  0   0 
gamma_stat_nmjmeanSd0_bin_14   1.00123 +0.0441035 -0.0441035  -0.000105984   0.000101641  0   0 
gamma_stat_nmjmeanSd0_bin_15   1.01254 +0.0353775 -0.0353775  0.000376194   -0.000394981  0   0 
gamma_stat_nmjmeanSd0_bin_16   0.995361 +0.0287651 -0.0287651  -0.000866519   0.000839914  0   0 
gamma_stat_nmjmeanSd0_bin_17   1.00515 +0.0185964 -0.0185964  -0.00206295   0.00198544  0   0 
gamma_stat_nmjmeanSd0_bin_2   1.00734 +0.126755 -0.126755  0.000546782   -0.000549681  0   0 
gamma_stat_nmjmeanSd0_bin_22   1.0069 +0.0191267 -0.0191267  0.000849666   -0.000866933  0   0 
gamma_stat_nmjmeanSd0_bin_23   1.00177 +0.0201161 -0.0201161  0.00215511   -0.0021636  0   0 
gamma_stat_nmjmeanSd0_bin_24   0.999588 +0.0221843 -0.0221843  0.00400513   -0.00400051  0   0 
gamma_stat_nmjmeanSd0_bin_25   0.99683 +0.0264494 -0.0264494  0.00440738   -0.00439998  0   0 
gamma_stat_nmjmeanSd0_bin_26   1.00812 +0.0283228 -0.0283228  0.00500253   -0.00499856  0   0 
gamma_stat_nmjmeanSd0_bin_27   1.00467 +0.03006 -0.03006  0.00518165   -0.0051691  0   0 
gamma_stat_nmjmeanSd0_bin_28   1.00282 +0.0291775 -0.0291775  0.00518121   -0.00516633  0   0 
gamma_stat_nmjmeanSd0_bin_29   0.998256 +0.047346 -0.047346  0.00661375   -0.00659244  0   0 
gamma_stat_nmjmeanSd0_bin_3   1.03775 +0.160713 -0.160713  0.000445633   -0.000448727  0   0 
gamma_stat_nmjmeanSd0_bin_30   1.0044 +0.0365368 -0.0365368  0.00521931   -0.00520295  0   0 
gamma_stat_nmjmeanSd0_bin_31   1.00125 +0.0393376 -0.0393376  0.00510654   -0.00508519  0   0 
gamma_stat_nmjmeanSd0_bin_32   1.02398 +0.0409548 -0.0409548  0.00409667   -0.0040909  0   0 
gamma_stat_nmjmeanSd0_bin_33   1.01231 +0.0421014 -0.0421014  0.00415768   -0.00415132  0   0 
gamma_stat_nmjmeanSd0_bin_34   1.0006 +0.0579269 -0.0579269  0.00510544   -0.0050834  0   0 
gamma_stat_nmjmeanSd0_bin_35   0.975075 +0.0531496 -0.0531496  0.0055277   -0.00346877  0   0 
gamma_stat_nmjmeanSd0_bin_36   0.991871 +0.0636852 -0.0636852  0.00476151   -0.00474125  0   0 
gamma_stat_nmjmeanSd0_bin_37   1.02201 +0.0646663 -0.0646663  0.00385806   -0.0038535  0   0 
gamma_stat_nmjmeanSd0_bin_38   1.00899 +0.0543917 -0.0543917  0.00286975   -0.00286753  0   0 
gamma_stat_nmjmeanSd0_bin_39   0.994983 +0.0978815 -0.0978815  0.00418715   -0.00417418  0   0 
gamma_stat_nmjmeanSd0_bin_4   0.983168 +0.154738 -0.154738  0.000109668   -0.000113225  0   0 
gamma_stat_nmjmeanSd0_bin_40   1.03071 +0.104863 -0.104863  0.00429323   -0.00428528  0   0 
gamma_stat_nmjmeanSd0_bin_41   0.983526 +0.0724233 -0.0724233  0.00280643   -0.0027996  0   0 
gamma_stat_nmjmeanSd0_bin_42   0.987687 +0.0874346 -0.0874346  0.00288443   -0.00287871  0   0 
gamma_stat_nmjmeanSd0_bin_43   1.00526 +0.0685786 -0.0685786  0.00229376   -0.00229484  0   0 
gamma_stat_nmjmeanSd0_bin_44   0.97846 +0.0833887 -0.0833887  0.00219568   -0.00219345  0   0 
gamma_stat_nmjmeanSd0_bin_45   1.00672 +0.136638 -0.136638  0.00232982   -0.00232963  0   0 
gamma_stat_nmjmeanSd0_bin_46   1.01169 +0.09306 -0.09306  0.00171108   -0.00171264  0   0 
gamma_stat_nmjmeanSd0_bin_47   1.01227 +0.105317 -0.105317  0.00179345   -0.00179536  0   0 
gamma_stat_nmjmeanSd0_bin_48   0.982001 +0.127112 -0.127112  0.00106345   -0.00106681  0   0 
gamma_stat_nmjmeanSd0_bin_49   1.00284 +0.118463 -0.118463  0.00130768   -0.00130986  0   0 
gamma_stat_nmjmeanSd0_bin_5   0.977262 +0.117791 -0.117791  0.000745893   -0.000748683  0   0 
gamma_stat_nmjmeanSd0_bin_50   1.02771 +0.127982 -0.127982  0.000791313   -0.000794267  0   0 
gamma_stat_nmjmeanSd0_bin_51   1.02415 +0.129842 -0.129842  0.00101324   -0.0010162  0   0 
gamma_stat_nmjmeanSd0_bin_52   0.998786 +0.0924884 -0.0924884  0.000540321   -0.000543827  0   0 
gamma_stat_nmjmeanSd0_bin_53   1.00207 +0.155306 -0.155306  0.000519439   -0.000522933  0   0 
gamma_stat_nmjmeanSd0_bin_6   1.00231 +0.131233 -0.131233  0.00103307   -0.00103526  0   0 
gamma_stat_nmjmeanSd0_bin_7   1.00778 +0.0914508 -0.0914508  0.000806519   -0.000808946  0   0 
gamma_stat_nmjmeanSd0_bin_8   1.03942 +0.0816916 -0.0816916  0.00100364   -0.001003  0   0 
gamma_stat_nmjmeanSd0_bin_9   0.978075 +0.090393 -0.090393  0.00116007   -0.00116278  0   0 
