BB   0.598377 +0.0597151 -0.0597151  -0.0724226   0.0879473  0   0 
BL   0.612635 +0.055425 -0.055425  0.0337985   -0.032293  0   0 
CC   0.539514 +0.226343 -0.226343  0.0500461   -0.0461206  0   0 
CL   1.10556 +0.144151 -0.144151  -0.0249078   0.0261163  0   0 
LL   0.707863 +0.0287703 -0.0287703  -0.00472403   0.00518002  0   0 
gamma_stat_mjmeanSd0_2TAG_bin_0   1.00085 +0.124007 -0.124007  -3.79751e-05   3.82122e-05  0   0 
gamma_stat_mjmeanSd0_2TAG_bin_1   1.00384 +0.112868 -0.112868  -8.65254e-05   8.67773e-05  0   0 
gamma_stat_mjmeanSd0_2TAG_bin_10   1.01316 +0.0437497 -0.0437497  -0.00103257   0.00103223  0   0 
gamma_stat_mjmeanSd0_2TAG_bin_11   1.00714 +0.0413146 -0.0413146  -0.00129437   0.00129841  0   0 
gamma_stat_mjmeanSd0_2TAG_bin_12   0.998161 +0.0275889 -0.0275889  -0.00143683   0.00143772  0   0 
gamma_stat_mjmeanSd0_2TAG_bin_13   1.00092 +0.0245813 -0.0245813  -0.00169184   0.00169122  0   0 
gamma_stat_mjmeanSd0_2TAG_bin_14   1.00007 +0.0230313 -0.0230313  -0.0013913   0.00138734  0   0 
gamma_stat_mjmeanSd0_2TAG_bin_15   1.00056 +0.0236734 -0.0236734  -0.00153829   0.0015352  0   0 
gamma_stat_mjmeanSd0_2TAG_bin_16   1.00015 +0.0254488 -0.0254488  -0.00122926   0.00122627  0   0 
gamma_stat_mjmeanSd0_2TAG_bin_17   1.00275 +0.0265251 -0.0265251  -0.0013649   0.0013655  0   0 
gamma_stat_mjmeanSd0_2TAG_bin_18   1.00067 +0.0268462 -0.0268462  -0.00101639   0.0010141  0   0 
gamma_stat_mjmeanSd0_2TAG_bin_19   1.00309 +0.0281642 -0.0281642  -0.000929518   0.000930514  0   0 
gamma_stat_mjmeanSd0_2TAG_bin_2   0.991747 +0.107921 -0.107921  -0.000142462   0.000142316  0   0 
gamma_stat_mjmeanSd0_2TAG_bin_20   0.994553 +0.031266 -0.031266  -0.00113109   0.0011295  0   0 
gamma_stat_mjmeanSd0_2TAG_bin_21   0.998474 +0.0325025 -0.0325025  -0.000891187   0.000889687  0   0 
gamma_stat_mjmeanSd0_2TAG_bin_22   0.999265 +0.0374015 -0.0374015  -0.000837872   0.000834986  0   0 
gamma_stat_mjmeanSd0_2TAG_bin_23   1.00015 +0.0272561 -0.0272561  -0.000497754   0.000497415  0   0 
gamma_stat_mjmeanSd0_2TAG_bin_24   0.999032 +0.043723 -0.043723  -0.000589612   0.000588442  0   0 
gamma_stat_mjmeanSd0_2TAG_bin_25   1.00378 +0.0454245 -0.0454245  -0.000508421   0.000508451  0   0 
gamma_stat_mjmeanSd0_2TAG_bin_26   0.991415 +0.0473034 -0.0473034  -0.000428912   0.000425408  0   0 
gamma_stat_mjmeanSd0_2TAG_bin_27   0.99164 +0.0450512 -0.0450512  -0.00047513   0.000472028  0   0 
gamma_stat_mjmeanSd0_2TAG_bin_28   1.00092 +0.0372928 -0.0372928  -0.000225722   0.000225906  0   0 
gamma_stat_mjmeanSd0_2TAG_bin_29   0.997064 +0.045052 -0.045052  -0.000137254   0.000137013  0   0 
gamma_stat_mjmeanSd0_2TAG_bin_3   1.01199 +0.123802 -0.123802  -0.000207345   0.000207689  0   0 
gamma_stat_mjmeanSd0_2TAG_bin_30   0.999707 +0.0359936 -0.0359936  -4.0547e-05   4.07641e-05  0   0 
gamma_stat_mjmeanSd0_2TAG_bin_4   0.998933 +0.104091 -0.104091  -0.000233949   0.000234115  0   0 
gamma_stat_mjmeanSd0_2TAG_bin_5   1.01056 +0.097636 -0.097636  -0.000323205   0.000323709  0   0 
gamma_stat_mjmeanSd0_2TAG_bin_6   0.996705 +0.0742256 -0.0742256  -0.000386222   0.000386449  0   0 
gamma_stat_mjmeanSd0_2TAG_bin_7   1.00307 +0.0882026 -0.0882026  -0.000603375   0.000603964  0   0 
gamma_stat_mjmeanSd0_2TAG_bin_8   1.00349 +0.0663467 -0.0663467  -0.000391598   0.000392002  0   0 
gamma_stat_mjmeanSd0_2TAG_bin_9   1.02044 +0.0557698 -0.0557698  -0.000696088   0.000693741  0   0 
gamma_stat_mjmeanSd0_bin_0   0.99554 +0.139579 -0.139579  -3.32488e-05   3.34558e-05  0   0 
gamma_stat_mjmeanSd0_bin_1   1.01824 +0.223949 -0.223949  -0.000276659   0.000276812  0   0 
gamma_stat_mjmeanSd0_bin_10   1.01585 +0.0965577 -0.0965577  -0.000105772   0.000101626  0   0 
gamma_stat_mjmeanSd0_bin_11   0.98852 +0.0628792 -0.0628792  -1.72934e-05   1.55978e-05  0   0 
gamma_stat_mjmeanSd0_bin_12   1.00098 +0.0504959 -0.0504959  -0.00051324   0.000509017  0   0 
gamma_stat_mjmeanSd0_bin_13   1.00483 +0.0413899 -0.0413899  0.00018364   -0.000190057  0   0 
gamma_stat_mjmeanSd0_bin_14   1.00763 +0.0321939 -0.0321939  -0.000221535   0.000203721  0   0 
gamma_stat_mjmeanSd0_bin_15   0.995777 +0.0286792 -0.0286792  2.20002e-05   -2.81036e-05  0   0 
gamma_stat_mjmeanSd0_bin_16   1.00437 +0.0278793 -0.0278793  -0.000523149   0.000449997  0   0 
gamma_stat_mjmeanSd0_bin_2   1.03079 +0.134987 -0.134987  -0.000148224   0.000143816  0   0 
gamma_stat_mjmeanSd0_bin_27   0.990535 +0.0218099 -0.0218099  0.00100169   -0.00101771  0   0 
gamma_stat_mjmeanSd0_bin_28   0.999309 +0.0245376 -0.0245376  0.00170915   -0.00172002  0   0 
gamma_stat_mjmeanSd0_bin_29   0.996808 +0.022228 -0.022228  0.00138619   -0.00139189  0   0 
gamma_stat_mjmeanSd0_bin_3   1.0143 +0.125306 -0.125306  7.15331e-06   -7.57455e-06  0   0 
gamma_stat_mjmeanSd0_bin_30   0.996255 +0.0259451 -0.0259451  0.00124164   -0.00124601  0   0 
gamma_stat_mjmeanSd0_bin_31   1.0015 +0.0261645 -0.0261645  0.0014303   -0.00143406  0   0 
gamma_stat_mjmeanSd0_bin_32   1.00246 +0.0299136 -0.0299136  0.00130807   -0.00131052  0   0 
gamma_stat_mjmeanSd0_bin_33   1.00014 +0.0340506 -0.0340506  0.00145484   -0.00145686  0   0 
gamma_stat_mjmeanSd0_bin_34   0.992558 +0.0393509 -0.0393509  0.00141324   -0.00141039  0   0 
gamma_stat_mjmeanSd0_bin_35   1.00375 +0.0339886 -0.0339886  0.000962457   -0.000963724  0   0 
gamma_stat_mjmeanSd0_bin_36   0.993599 +0.0366648 -0.0366648  0.000554305   -0.0005534  0   0 
gamma_stat_mjmeanSd0_bin_37   0.998206 +0.0371145 -0.0371145  0.00086215   -0.000861777  0   0 
gamma_stat_mjmeanSd0_bin_38   1.0049 +0.0411095 -0.0411095  0.000334703   -0.000336221  0   0 
gamma_stat_mjmeanSd0_bin_39   1.00286 +0.0432132 -0.0432132  0.000712101   -0.00071219  0   0 
gamma_stat_mjmeanSd0_bin_4   0.997815 +0.106369 -0.106369  -0.000228429   0.000228626  0   0 
gamma_stat_mjmeanSd0_bin_40   0.995348 +0.0458003 -0.0458003  0.00104316   -0.00104211  0   0 
gamma_stat_mjmeanSd0_bin_41   0.985667 +0.0546072 -0.0546072  0.000564098   -0.000555097  0   0 
gamma_stat_mjmeanSd0_bin_42   1.00184 +0.0555271 -0.0555271  0.000845289   -0.000844588  0   0 
gamma_stat_mjmeanSd0_bin_43   1.00845 +0.0641425 -0.0641425  0.000706186   -0.000706479  0   0 
gamma_stat_mjmeanSd0_bin_44   0.996661 +0.0707384 -0.0707384  0.000297589   -0.000297689  0   0 
gamma_stat_mjmeanSd0_bin_45   1.00335 +0.107891 -0.107891  0.000245787   -0.000245838  0   0 
gamma_stat_mjmeanSd0_bin_46   0.999447 +0.0706204 -0.0706204  0.000354225   -0.000354232  0   0 
gamma_stat_mjmeanSd0_bin_47   1.00563 +0.082995 -0.082995  0.000619432   -0.000618871  0   0 
gamma_stat_mjmeanSd0_bin_48   0.995519 +0.0738681 -0.0738681  0.000140926   -0.000140939  0   0 
gamma_stat_mjmeanSd0_bin_49   0.940676 +0.156814 -0.156814  0.000486231   -0.000463496  0   0 
gamma_stat_mjmeanSd0_bin_5   0.991269 +0.13311 -0.13311  -0.000109936   0.000110117  0   0 
gamma_stat_mjmeanSd0_bin_50   0.982941 +0.113438 -0.113438  0.000100349   -0.000100728  0   0 
gamma_stat_mjmeanSd0_bin_51   0.990204 +0.112826 -0.112826  0.000210067   -0.000210277  0   0 
gamma_stat_mjmeanSd0_bin_52   1.00472 +0.133148 -0.133148  0.000262256   -0.00026212  0   0 
gamma_stat_mjmeanSd0_bin_53   1.0016 +0.147215 -0.147215  0.00017021   -0.000169997  0   0 
gamma_stat_mjmeanSd0_bin_54   0.99777 +0.0820012 -0.0820012  0.000168392   -0.00016817  0   0 
gamma_stat_mjmeanSd0_bin_6   1.0166 +0.0962192 -0.0962192  -0.000496359   0.000494379  0   0 
gamma_stat_mjmeanSd0_bin_7   1.01217 +0.0782015 -0.0782015  -0.000119644   0.000118657  0   0 
gamma_stat_mjmeanSd0_bin_8   0.992293 +0.0793376 -0.0793376  -0.00014138   0.000141436  0   0 
gamma_stat_mjmeanSd0_bin_9   1.00204 +0.0600863 -0.0600863  0.000211867   -0.000212414  0   0 
gamma_stat_nmjmeanSd0_2TAG_bin_0   1.00091 +0.0855198 -0.0855198  -1.54122e-05   1.5647e-05  0   0 
gamma_stat_nmjmeanSd0_2TAG_bin_1   0.98472 +0.154993 -0.154993  1.99164e-05   -2.00696e-05  0   0 
gamma_stat_nmjmeanSd0_2TAG_bin_11   1.00303 +0.0254298 -0.0254298  -0.00187028   0.00186937  0   0 
gamma_stat_nmjmeanSd0_2TAG_bin_12   0.998643 +0.0229933 -0.0229933  -0.001386   0.00137801  0   0 
gamma_stat_nmjmeanSd0_2TAG_bin_13   0.996081 +0.0246245 -0.0246245  -0.00113396   0.00112964  0   0 
gamma_stat_nmjmeanSd0_2TAG_bin_14   0.994173 +0.0256751 -0.0256751  -0.00105473   0.00105188  0   0 
gamma_stat_nmjmeanSd0_2TAG_bin_15   0.998566 +0.0274732 -0.0274732  -0.000722375   0.0007174  0   0 
gamma_stat_nmjmeanSd0_2TAG_bin_16   1.00261 +0.0303613 -0.0303613  -0.000935101   0.000934136  0   0 
gamma_stat_nmjmeanSd0_2TAG_bin_17   0.999067 +0.0347829 -0.0347829  -0.000837553   0.000833357  0   0 
gamma_stat_nmjmeanSd0_2TAG_bin_18   0.994504 +0.0373371 -0.0373371  -0.000652954   0.000650373  0   0 
gamma_stat_nmjmeanSd0_2TAG_bin_19   0.995971 +0.0376184 -0.0376184  -0.000306657   0.000303858  0   0 
gamma_stat_nmjmeanSd0_2TAG_bin_2   0.986798 +0.140059 -0.140059  -0.000136606   0.000136102  0   0 
gamma_stat_nmjmeanSd0_2TAG_bin_20   1.00272 +0.0481305 -0.0481305  -0.000445918   0.000443717  0   0 
gamma_stat_nmjmeanSd0_2TAG_bin_21   0.996809 +0.0453159 -0.0453159  -0.000301726   0.000298753  0   0 
gamma_stat_nmjmeanSd0_2TAG_bin_22   0.99908 +0.0482486 -0.0482486  -0.000357981   0.000356789  0   0 
gamma_stat_nmjmeanSd0_2TAG_bin_23   0.993573 +0.0516148 -0.0516148  -0.000386373   0.000384367  0   0 
gamma_stat_nmjmeanSd0_2TAG_bin_24   0.996565 +0.0560121 -0.0560121  -0.000252063   0.000250739  0   0 
gamma_stat_nmjmeanSd0_2TAG_bin_25   0.996631 +0.0599346 -0.0599346  -0.000133293   0.000132552  0   0 
gamma_stat_nmjmeanSd0_2TAG_bin_26   1.01375 +0.068987 -0.068987  -9.84403e-05   9.84172e-05  0   0 
gamma_stat_nmjmeanSd0_2TAG_bin_27   1.00039 +0.0702509 -0.0702509  -0.00019156   0.000190845  0   0 
gamma_stat_nmjmeanSd0_2TAG_bin_28   0.990292 +0.0746572 -0.0746572  -0.000125813   0.000124443  0   0 
gamma_stat_nmjmeanSd0_2TAG_bin_29   0.998058 +0.0667051 -0.0667051  -0.000118351   0.000118211  0   0 
gamma_stat_nmjmeanSd0_2TAG_bin_3   0.999758 +0.0893611 -0.0893611  -5.97516e-05   5.98906e-05  0   0 
gamma_stat_nmjmeanSd0_2TAG_bin_30   0.996271 +0.0676024 -0.0676024  -5.40281e-05   5.39434e-05  0   0 
gamma_stat_nmjmeanSd0_2TAG_bin_31   0.990795 +0.0978412 -0.0978412  -0.000159521   0.000159198  0   0 
gamma_stat_nmjmeanSd0_2TAG_bin_32   1.00251 +0.0801161 -0.0801161  -3.69658e-05   3.7211e-05  0   0 
gamma_stat_nmjmeanSd0_2TAG_bin_33   0.998368 +0.119162 -0.119162  -2.14343e-05   2.16427e-05  0   0 
gamma_stat_nmjmeanSd0_2TAG_bin_4   1.00158 +0.093698 -0.093698  -0.000393678   0.000394044  0   0 
gamma_stat_nmjmeanSd0_2TAG_bin_5   1.01913 +0.0802528 -0.0802528  -0.000238144   0.000236465  0   0 
gamma_stat_nmjmeanSd0_2TAG_bin_6   0.994674 +0.0593148 -0.0593148  -0.000436694   0.000436355  0   0 
gamma_stat_nmjmeanSd0_2TAG_bin_7   1.01319 +0.0535154 -0.0535154  -0.000505486   0.000505098  0   0 
gamma_stat_nmjmeanSd0_2TAG_bin_8   1.00385 +0.0369515 -0.0369515  -0.00107008   0.00107199  0   0 
gamma_stat_nmjmeanSd0_2TAG_bin_9   1.00612 +0.0214342 -0.0214342  -0.00243117   0.00244203  0   0 
gamma_stat_nmjmeanSd0_bin_0   0.980719 +0.278182 -0.278182  0.000140375   -0.000140157  0   0 
gamma_stat_nmjmeanSd0_bin_1   1.13371 +0.267218 -0.267218  7.36375e-05   -0.000120672  0   0 
gamma_stat_nmjmeanSd0_bin_10   0.990855 +0.080616 -0.080616  0.000235182   -0.000234895  0   0 
gamma_stat_nmjmeanSd0_bin_11   1.02506 +0.106646 -0.106646  0.000911118   -0.000919583  0   0 
gamma_stat_nmjmeanSd0_bin_12   0.978487 +0.137542 -0.137542  0.00105226   -0.00105204  0   0 
gamma_stat_nmjmeanSd0_bin_13   1.00299 +0.0668401 -0.0668401  0.000665587   -0.000666342  0   0 
gamma_stat_nmjmeanSd0_bin_14   1.01795 +0.0568684 -0.0568684  0.000359029   -0.000386771  0   0 
gamma_stat_nmjmeanSd0_bin_15   1.02425 +0.0660138 -0.0660138  -0.000148819   7.09065e-05  0   0 
gamma_stat_nmjmeanSd0_bin_16   1.01032 +0.0378438 -0.0378438  0.000400039   -0.000436335  0   0 
gamma_stat_nmjmeanSd0_bin_17   0.988614 +0.0249301 -0.0249301  -0.000663383   0.00138324  0   0 
gamma_stat_nmjmeanSd0_bin_2   0.972565 +0.198778 -0.198778  4.10193e-05   -4.12778e-05  0   0 
gamma_stat_nmjmeanSd0_bin_23   0.992512 +0.0283557 -0.0283557  0.00251262   -0.0029933  0   0 
gamma_stat_nmjmeanSd0_bin_24   1.0008 +0.0235046 -0.0235046  0.0028513   -0.00286589  0   0 
gamma_stat_nmjmeanSd0_bin_25   1.00291 +0.0273744 -0.0273744  0.00373387   -0.00373651  0   0 
gamma_stat_nmjmeanSd0_bin_26   1.00168 +0.0348233 -0.0348233  0.00505838   -0.00504416  0   0 
gamma_stat_nmjmeanSd0_bin_27   0.997158 +0.0379789 -0.0379789  0.00435784   -0.00434459  0   0 
gamma_stat_nmjmeanSd0_bin_28   1.00236 +0.0311826 -0.0311826  0.00361383   -0.00359943  0   0 
gamma_stat_nmjmeanSd0_bin_29   1.00605 +0.0368762 -0.0368762  0.00402228   -0.00400472  0   0 
gamma_stat_nmjmeanSd0_bin_3   1.02932 +0.190513 -0.190513  0.000270336   -0.000272236  0   0 
gamma_stat_nmjmeanSd0_bin_30   1.00434 +0.0478902 -0.0478902  0.00564835   -0.00560233  0   0 
gamma_stat_nmjmeanSd0_bin_31   1.00326 +0.0483458 -0.0483458  0.00357164   -0.00355711  0   0 
gamma_stat_nmjmeanSd0_bin_32   0.993215 +0.050054 -0.050054  0.00333811   -0.00332019  0   0 
gamma_stat_nmjmeanSd0_bin_33   0.978538 +0.0562311 -0.0562311  0.00401032   -0.00395599  0   0 
gamma_stat_nmjmeanSd0_bin_34   0.998761 +0.0874305 -0.0874305  0.00481875   -0.00478488  0   0 
gamma_stat_nmjmeanSd0_bin_35   0.999447 +0.0720432 -0.0720432  0.00311507   -0.00310145  0   0 
gamma_stat_nmjmeanSd0_bin_36   1.05443 +0.0906311 -0.0906311  0.00313032   -0.00312074  0   0 
gamma_stat_nmjmeanSd0_bin_37   1.02147 +0.0774703 -0.0774703  0.00273725   -0.00273559  0   0 
gamma_stat_nmjmeanSd0_bin_38   0.993016 +0.0712949 -0.0712949  0.00189282   -0.0018881  0   0 
gamma_stat_nmjmeanSd0_bin_39   1.02319 +0.0762014 -0.0762014  0.00199555   -0.00199975  0   0 
gamma_stat_nmjmeanSd0_bin_4   1.08642 +0.206689 -0.206689  0.000226273   -0.000228151  0   0 
gamma_stat_nmjmeanSd0_bin_40   0.990969 +0.0801068 -0.0801068  0.00212938   -0.00212382  0   0 
gamma_stat_nmjmeanSd0_bin_41   0.973353 +0.142501 -0.142501  0.00242875   -0.0024196  0   0 
gamma_stat_nmjmeanSd0_bin_42   0.991878 +0.0972089 -0.0972089  0.00175287   -0.00174887  0   0 
gamma_stat_nmjmeanSd0_bin_43   1.00284 +0.134346 -0.134346  0.00157583   -0.00157234  0   0 
gamma_stat_nmjmeanSd0_bin_44   0.977129 +0.103924 -0.103924  0.000858587   -0.000856745  0   0 
gamma_stat_nmjmeanSd0_bin_45   1.00686 +0.144115 -0.144115  0.00117373   -0.00117206  0   0 
gamma_stat_nmjmeanSd0_bin_46   1.0123 +0.12362 -0.12362  0.000824376   -0.00082391  0   0 
gamma_stat_nmjmeanSd0_bin_47   0.991513 +0.132521 -0.132521  0.00100801   -0.00100661  0   0 
gamma_stat_nmjmeanSd0_bin_48   0.996585 +0.14984 -0.14984  0.000998063   -0.000996547  0   0 
gamma_stat_nmjmeanSd0_bin_49   0.975835 +0.244902 -0.244902  0.00172894   -0.00172402  0   0 
gamma_stat_nmjmeanSd0_bin_5   1.01283 +0.259336 -0.259336  0.000791303   -0.000791375  0   0 
gamma_stat_nmjmeanSd0_bin_50   1.03143 +0.132097 -0.132097  0.000577798   -0.000582315  0   0 
gamma_stat_nmjmeanSd0_bin_51   0.978269 +0.183368 -0.183368  0.000964774   -0.000964517  0   0 
gamma_stat_nmjmeanSd0_bin_52   1.00473 +0.114335 -0.114335  0.000308758   -0.000308443  0   0 
gamma_stat_nmjmeanSd0_bin_53   0.995793 +0.161888 -0.161888  0.000321857   -0.000321517  0   0 
gamma_stat_nmjmeanSd0_bin_54   0.974779 +0.259756 -0.259756  0.000501805   -0.000501759  0   0 
gamma_stat_nmjmeanSd0_bin_6   0.937739 +0.275346 -0.275346  0.000941277   -0.000938783  0   0 
gamma_stat_nmjmeanSd0_bin_7   1.01033 +0.123341 -0.123341  0.000484719   -0.000485924  0   0 
gamma_stat_nmjmeanSd0_bin_8   1.03277 +0.12711 -0.12711  0.00021231   -0.000220688  0   0 
gamma_stat_nmjmeanSd0_bin_9   1.005 +0.103807 -0.103807  0.00020012   -0.000200274  0   0 
