BB   0.670824 +0.0523218 -0.0523218  -0.0737309   0.0865263  0   0 
BL   0.812653 +0.0281407 -0.0281407  0.0333133   -0.0325244  0   0 
CC   1.07652 +0.177886 -0.177886  0.0515809   -0.0472656  0   0 
CL   1.04234 +0.0598478 -0.0598478  -0.0210741   0.0221612  0   0 
LL   0.662707 +0.0115065 -0.0115065  -0.011143   0.0103383  0   0 
gamma_stat_mjmeanSd0_2TAG_bin_0   1.00588 +0.110233 -0.110233  -3.06779e-05   3.70234e-05  0   0 
gamma_stat_mjmeanSd0_2TAG_bin_1   0.9989 +0.0720738 -0.0720738  -8.73608e-05   9.39041e-05  0   0 
gamma_stat_mjmeanSd0_2TAG_bin_10   1.01512 +0.0302826 -0.0302826  -0.00184343   0.00183902  0   0 
gamma_stat_mjmeanSd0_2TAG_bin_11   1.01072 +0.0195556 -0.0195556  -0.00193984   0.00194591  0   0 
gamma_stat_mjmeanSd0_2TAG_bin_17   0.999496 +0.0208043 -0.0208043  -0.000950753   0.000973621  0   0 
gamma_stat_mjmeanSd0_2TAG_bin_18   0.995992 +0.0229819 -0.0229819  -0.000777083   0.000798389  0   0 
gamma_stat_mjmeanSd0_2TAG_bin_19   1.00081 +0.0240917 -0.0240917  -0.000719182   0.000740387  0   0 
gamma_stat_mjmeanSd0_2TAG_bin_2   0.991485 +0.0951437 -0.0951437  -0.000172526   0.000179313  0   0 
gamma_stat_mjmeanSd0_2TAG_bin_20   1.00084 +0.0270393 -0.0270393  -0.000514924   0.000534177  0   0 
gamma_stat_mjmeanSd0_2TAG_bin_21   0.998032 +0.0278871 -0.0278871  -0.000360321   0.000376756  0   0 
gamma_stat_mjmeanSd0_2TAG_bin_22   0.990597 +0.0312037 -0.0312037  -0.000415157   0.000428349  0   0 
gamma_stat_mjmeanSd0_2TAG_bin_23   0.991687 +0.0323766 -0.0323766  -0.00030839   0.000321113  0   0 
gamma_stat_mjmeanSd0_2TAG_bin_24   0.989193 +0.0392844 -0.0392844  -0.0002366   0.000247786  0   0 
gamma_stat_mjmeanSd0_2TAG_bin_25   1.00563 +0.0399183 -0.0399183  -0.000286224   0.000298401  0   0 
gamma_stat_mjmeanSd0_2TAG_bin_26   0.990153 +0.0429663 -0.0429663  -0.000304447   0.000313194  0   0 
gamma_stat_mjmeanSd0_2TAG_bin_27   0.995554 +0.0376174 -0.0376174  -0.000129336   0.000137312  0   0 
gamma_stat_mjmeanSd0_2TAG_bin_28   0.984543 +0.0547538 -0.0547538  -0.000322083   0.000330061  0   0 
gamma_stat_mjmeanSd0_2TAG_bin_29   0.997784 +0.0339035 -0.0339035  -5.5628e-05   6.2373e-05  0   0 
gamma_stat_mjmeanSd0_2TAG_bin_3   0.996189 +0.0578368 -0.0578368  -0.000184418   0.000191288  0   0 
gamma_stat_mjmeanSd0_2TAG_bin_30   0.998194 +0.044736 -0.044736  -3.13924e-05   3.76533e-05  0   0 
gamma_stat_mjmeanSd0_2TAG_bin_31   0.999014 +0.0521871 -0.0521871  -1.07892e-05   1.67614e-05  0   0 
gamma_stat_mjmeanSd0_2TAG_bin_4   1.00427 +0.0427876 -0.0427876  -0.000201133   0.000209064  0   0 
gamma_stat_mjmeanSd0_2TAG_bin_5   0.99986 +0.0503374 -0.0503374  -0.00032796   0.000338923  0   0 
gamma_stat_mjmeanSd0_2TAG_bin_6   0.996646 +0.0437145 -0.0437145  -0.000276153   0.000286664  0   0 
gamma_stat_mjmeanSd0_2TAG_bin_7   0.996364 +0.0398081 -0.0398081  -0.000494421   0.000505669  0   0 
gamma_stat_mjmeanSd0_2TAG_bin_8   1.00194 +0.0308627 -0.0308627  -0.000485181   0.000502123  0   0 
gamma_stat_mjmeanSd0_2TAG_bin_9   1.00441 +0.0272095 -0.0272095  -0.0011206   0.00113633  0   0 
gamma_stat_mjmeanSd0_bin_0   0.990813 +0.103886 -0.103886  0.000205891   -0.000199197  0   0 
gamma_stat_mjmeanSd0_bin_1   1.01816 +0.104461 -0.104461  0.000154129   -0.000148698  0   0 
gamma_stat_mjmeanSd0_bin_10   1.00168 +0.032502 -0.032502  3.05184e-05   -2.05644e-05  0   0 
gamma_stat_mjmeanSd0_bin_11   1.01287 +0.0284098 -0.0284098  -7.87387e-05   0.000119895  0   0 
gamma_stat_mjmeanSd0_bin_12   1.0005 +0.0246156 -0.0246156  2.46689e-05   -9.72045e-06  0   0 
gamma_stat_mjmeanSd0_bin_13   0.997678 +0.022868 -0.022868  -6.5912e-05   7.65448e-05  0   0 
gamma_stat_mjmeanSd0_bin_14   0.995836 +0.0189072 -0.0189072  -9.46496e-05   9.5053e-05  0   0 
gamma_stat_mjmeanSd0_bin_2   1.00355 +0.0672715 -0.0672715  0.000217637   -0.000211172  0   0 
gamma_stat_mjmeanSd0_bin_3   1.00635 +0.0823284 -0.0823284  -0.000302723   0.000310588  0   0 
gamma_stat_mjmeanSd0_bin_30   0.988915 +0.0207631 -0.0207631  0.00139992   -0.00132512  0   0 
gamma_stat_mjmeanSd0_bin_32   0.996536 +0.0237434 -0.0237434  0.000658182   -0.000647741  0   0 
gamma_stat_mjmeanSd0_bin_33   0.997574 +0.0233282 -0.0233282  0.000682139   -0.000673859  0   0 
gamma_stat_mjmeanSd0_bin_34   1.00165 +0.024997 -0.024997  0.00118123   -0.00116584  0   0 
gamma_stat_mjmeanSd0_bin_35   1.00444 +0.0300131 -0.0300131  0.000676434   -0.000665448  0   0 
gamma_stat_mjmeanSd0_bin_36   1.00236 +0.0325492 -0.0325492  0.00100369   -0.000989541  0   0 
gamma_stat_mjmeanSd0_bin_37   0.996467 +0.035933 -0.035933  0.000794355   -0.00078443  0   0 
gamma_stat_mjmeanSd0_bin_38   1.00472 +0.0369505 -0.0369505  0.00081042   -0.000801229  0   0 
gamma_stat_mjmeanSd0_bin_39   1.00592 +0.0375514 -0.0375514  0.00102198   -0.00101373  0   0 
gamma_stat_mjmeanSd0_bin_4   1.00596 +0.0733458 -0.0733458  -7.04646e-05   7.78081e-05  0   0 
gamma_stat_mjmeanSd0_bin_40   0.994338 +0.0401047 -0.0401047  0.000373627   -0.000365709  0   0 
gamma_stat_mjmeanSd0_bin_41   0.994933 +0.0465815 -0.0465815  0.000530523   -0.000521857  0   0 
gamma_stat_mjmeanSd0_bin_42   0.994252 +0.0448077 -0.0448077  0.000450448   -0.000442794  0   0 
gamma_stat_mjmeanSd0_bin_43   1.00118 +0.0518982 -0.0518982  0.000323246   -0.000316092  0   0 
gamma_stat_mjmeanSd0_bin_44   1.01184 +0.0552086 -0.0552086  0.000354075   -0.000348933  0   0 
gamma_stat_mjmeanSd0_bin_45   0.988601 +0.0634236 -0.0634236  0.000359198   -0.000352448  0   0 
gamma_stat_mjmeanSd0_bin_46   0.993004 +0.0689069 -0.0689069  0.000516756   -0.000509255  0   0 
gamma_stat_mjmeanSd0_bin_47   1.01351 +0.0778422 -0.0778422  0.000325677   -0.00031998  0   0 
gamma_stat_mjmeanSd0_bin_48   1.00415 +0.0725193 -0.0725193  0.000159249   -0.000152855  0   0 
gamma_stat_mjmeanSd0_bin_49   0.999508 +0.0782451 -0.0782451  0.000287001   -0.000280202  0   0 
gamma_stat_mjmeanSd0_bin_5   1.03228 +0.0786168 -0.0786168  0.000654153   -0.000653066  0   0 
gamma_stat_mjmeanSd0_bin_50   0.959179 +0.130196 -0.130196  5.34179e-05   -4.75171e-05  0   0 
gamma_stat_mjmeanSd0_bin_51   1.01292 +0.104047 -0.104047  0.000476628   -0.000470747  0   0 
gamma_stat_mjmeanSd0_bin_52   0.98927 +0.104326 -0.104326  7.2148e-05   -6.59547e-05  0   0 
gamma_stat_mjmeanSd0_bin_53   1.00377 +0.0912533 -0.0912533  0.000132153   -0.000126159  0   0 
gamma_stat_mjmeanSd0_bin_54   1.01054 +0.131143 -0.131143  0.000243426   -0.000237696  0   0 
gamma_stat_mjmeanSd0_bin_6   1.01111 +0.053175 -0.053175  2.90033e-05   -2.20152e-05  0   0 
gamma_stat_mjmeanSd0_bin_7   0.992743 +0.0511348 -0.0511348  -0.000162208   0.000171131  0   0 
gamma_stat_mjmeanSd0_bin_8   0.999789 +0.0386287 -0.0386287  0.000120893   -0.000112079  0   0 
gamma_stat_mjmeanSd0_bin_9   1.01036 +0.0362743 -0.0362743  -7.89899e-05   8.79277e-05  0   0 
gamma_stat_nmjmeanSd0_2TAG_bin_0   1.00114 +0.0859076 -0.0859076  -1.03791e-05   1.65052e-05  0   0 
gamma_stat_nmjmeanSd0_2TAG_bin_1   1.00796 +0.121594 -0.121594  -6.39668e-05   7.09039e-05  0   0 
gamma_stat_nmjmeanSd0_2TAG_bin_10   1.00388 +0.0266945 -0.0266945  -0.00124595   0.00126521  0   0 
gamma_stat_nmjmeanSd0_2TAG_bin_15   1.00019 +0.0227651 -0.0227651  -0.000852121   0.000895915  0   0 
gamma_stat_nmjmeanSd0_2TAG_bin_16   1.00028 +0.0215993 -0.0215993  -0.000766728   0.000801381  0   0 
gamma_stat_nmjmeanSd0_2TAG_bin_17   0.991999 +0.0242983 -0.0242983  -0.000390931   0.000422708  0   0 
gamma_stat_nmjmeanSd0_2TAG_bin_18   1.00124 +0.0249258 -0.0249258  -0.000209123   0.000238226  0   0 
gamma_stat_nmjmeanSd0_2TAG_bin_19   0.987123 +0.0291654 -0.0291654  1.24275e-05   4.80163e-05  0   0 
gamma_stat_nmjmeanSd0_2TAG_bin_2   1.00431 +0.0543261 -0.0543261  -6.78366e-05   7.4611e-05  0   0 
gamma_stat_nmjmeanSd0_2TAG_bin_20   0.994327 +0.0306792 -0.0306792  5.15331e-06   1.807e-05  0   0 
gamma_stat_nmjmeanSd0_2TAG_bin_21   0.99224 +0.0347692 -0.0347692  -6.3878e-05   8.54327e-05  0   0 
gamma_stat_nmjmeanSd0_2TAG_bin_22   0.99743 +0.0353871 -0.0353871  -7.11184e-05   8.8916e-05  0   0 
gamma_stat_nmjmeanSd0_2TAG_bin_23   0.993105 +0.0394506 -0.0394506  -2.50869e-05   4.01593e-05  0   0 
gamma_stat_nmjmeanSd0_2TAG_bin_24   0.99343 +0.0431061 -0.0431061  0.000195044   -0.000179781  0   0 
gamma_stat_nmjmeanSd0_2TAG_bin_25   0.983708 +0.0527372 -0.0527372  0.000156055   -0.000139906  0   0 
gamma_stat_nmjmeanSd0_2TAG_bin_26   0.996041 +0.032847 -0.032847  0.000119341   -0.000110999  0   0 
gamma_stat_nmjmeanSd0_2TAG_bin_27   0.993806 +0.0548283 -0.0548283  1.92633e-05   -7.8355e-06  0   0 
gamma_stat_nmjmeanSd0_2TAG_bin_28   0.993469 +0.0415544 -0.0415544  6.16101e-05   -5.52189e-05  0   0 
gamma_stat_nmjmeanSd0_2TAG_bin_29   0.995891 +0.0468946 -0.0468946  5.46339e-05   -4.80559e-05  0   0 
gamma_stat_nmjmeanSd0_2TAG_bin_3   1.03001 +0.083231 -0.083231  -6.32087e-05   6.86614e-05  0   0 
gamma_stat_nmjmeanSd0_2TAG_bin_30   0.986081 +0.0836017 -0.0836017  8.92809e-05   -8.32741e-05  0   0 
gamma_stat_nmjmeanSd0_2TAG_bin_31   0.998428 +0.0506241 -0.0506241  3.19182e-05   -2.5403e-05  0   0 
gamma_stat_nmjmeanSd0_2TAG_bin_32   0.997119 +0.0577852 -0.0577852  2.3824e-05   -1.78825e-05  0   0 
gamma_stat_nmjmeanSd0_2TAG_bin_4   1.00108 +0.0580526 -0.0580526  -0.000313307   0.000321799  0   0 
gamma_stat_nmjmeanSd0_2TAG_bin_5   1.00444 +0.0588562 -0.0588562  -0.000411467   0.000422067  0   0 
gamma_stat_nmjmeanSd0_2TAG_bin_6   0.996385 +0.0503443 -0.0503443  -0.00029781   0.000306613  0   0 
gamma_stat_nmjmeanSd0_2TAG_bin_7   1.00218 +0.0448745 -0.0448745  -0.000438553   0.000450949  0   0 
gamma_stat_nmjmeanSd0_2TAG_bin_8   1.01139 +0.0489642 -0.0489642  -0.000567927   0.000580224  0   0 
gamma_stat_nmjmeanSd0_2TAG_bin_9   0.99892 +0.0317412 -0.0317412  -0.000750613   0.000766042  0   0 
gamma_stat_nmjmeanSd0_bin_0   1.22448 +0.169943 -0.169943  4.71597e-06   -0.000767178  0   0 
gamma_stat_nmjmeanSd0_bin_1   1.03663 +0.134534 -0.134534  0.000861421   -0.000856302  0   0 
gamma_stat_nmjmeanSd0_bin_10   1.02366 +0.0589142 -0.0589142  0.00149677   -0.00148886  0   0 
gamma_stat_nmjmeanSd0_bin_11   0.994707 +0.0464506 -0.0464506  0.000669242   -0.000661966  0   0 
gamma_stat_nmjmeanSd0_bin_12   1.01413 +0.0413982 -0.0413982  0.000821593   -0.000809327  0   0 
gamma_stat_nmjmeanSd0_bin_13   0.994355 +0.0360803 -0.0360803  0.00093254   -0.000925955  0   0 
gamma_stat_nmjmeanSd0_bin_14   0.996564 +0.031738 -0.031738  0.000157046   -0.000148477  0   0 
gamma_stat_nmjmeanSd0_bin_15   0.999552 +0.026779 -0.026779  0.00043   -0.00042118  0   0 
gamma_stat_nmjmeanSd0_bin_16   1.00206 +0.0213237 -0.0213237  0.000412686   -0.000321394  0   0 
gamma_stat_nmjmeanSd0_bin_2   0.963737 +0.138403 -0.138403  0.000736284   -0.000729321  0   0 
gamma_stat_nmjmeanSd0_bin_25   0.99507 +0.0199265 -0.0199265  0.00612321   -0.00761438  0   0 
gamma_stat_nmjmeanSd0_bin_26   1.0093 +0.0229378 -0.0229378  0.00791657   -0.00780537  0   0 
gamma_stat_nmjmeanSd0_bin_27   1.00664 +0.0246117 -0.0246117  0.00697789   -0.00689252  0   0 
gamma_stat_nmjmeanSd0_bin_28   1.02534 +0.0289768 -0.0289768  0.00836698   -0.00827538  0   0 
gamma_stat_nmjmeanSd0_bin_29   1.00676 +0.0294866 -0.0294866  0.00730769   -0.00721212  0   0 
gamma_stat_nmjmeanSd0_bin_3   0.993853 +0.106699 -0.106699  0.00130179   -0.00129258  0   0 
gamma_stat_nmjmeanSd0_bin_30   1.00641 +0.0343795 -0.0343795  0.00664722   -0.00656776  0   0 
gamma_stat_nmjmeanSd0_bin_31   0.987037 +0.0372557 -0.0372557  0.00716753   -0.00709095  0   0 
gamma_stat_nmjmeanSd0_bin_32   1.0042 +0.0401872 -0.0401872  0.00734327   -0.00725165  0   0 
gamma_stat_nmjmeanSd0_bin_33   1.01036 +0.0426553 -0.0426553  0.00682194   -0.00673979  0   0 
gamma_stat_nmjmeanSd0_bin_34   1.00715 +0.0480034 -0.0480034  0.00752506   -0.00743107  0   0 
gamma_stat_nmjmeanSd0_bin_35   1.01959 +0.0494874 -0.0494874  0.0051687   -0.00512529  0   0 
gamma_stat_nmjmeanSd0_bin_36   0.995926 +0.0549347 -0.0549347  0.00595634   -0.00589888  0   0 
gamma_stat_nmjmeanSd0_bin_37   1.00541 +0.054914 -0.054914  0.00502451   -0.00497664  0   0 
gamma_stat_nmjmeanSd0_bin_38   0.976279 +0.0692766 -0.0692766  0.00520002   -0.00514386  0   0 
gamma_stat_nmjmeanSd0_bin_39   1.00528 +0.0677248 -0.0677248  0.00466966   -0.00462779  0   0 
gamma_stat_nmjmeanSd0_bin_4   1.11764 +0.12099 -0.12099  0.000862962   -0.000742857  0   0 
gamma_stat_nmjmeanSd0_bin_40   0.964534 +0.0739305 -0.0739305  0.00440441   -0.00436276  0   0 
gamma_stat_nmjmeanSd0_bin_41   1.01227 +0.0806364 -0.0806364  0.00368546   -0.00365779  0   0 
gamma_stat_nmjmeanSd0_bin_42   1.00432 +0.11524 -0.11524  0.00412571   -0.00409172  0   0 
gamma_stat_nmjmeanSd0_bin_43   0.99213 +0.0890768 -0.0890768  0.00325078   -0.00322929  0   0 
gamma_stat_nmjmeanSd0_bin_44   1.06055 +0.127996 -0.127996  0.00340976   -0.00338366  0   0 
gamma_stat_nmjmeanSd0_bin_45   0.989614 +0.0942747 -0.0942747  0.00271933   -0.00270269  0   0 
gamma_stat_nmjmeanSd0_bin_46   1.02209 +0.0914723 -0.0914723  0.00298356   -0.00296417  0   0 
gamma_stat_nmjmeanSd0_bin_47   1.00453 +0.0912319 -0.0912319  0.00236949   -0.00235409  0   0 
gamma_stat_nmjmeanSd0_bin_48   1.00894 +0.131847 -0.131847  0.00235625   -0.00234092  0   0 
gamma_stat_nmjmeanSd0_bin_49   0.964785 +0.143548 -0.143548  0.00231181   -0.00229856  0   0 
gamma_stat_nmjmeanSd0_bin_5   1.00958 +0.104741 -0.104741  0.000944993   -0.000937534  0   0 
gamma_stat_nmjmeanSd0_bin_50   0.919996 +0.148245 -0.148245  0.00332556   -0.00329329  0   0 
gamma_stat_nmjmeanSd0_bin_51   0.903942 +0.137181 -0.137181  0.00190142   -0.00189163  0   0 
gamma_stat_nmjmeanSd0_bin_52   1.00299 +0.105701 -0.105701  0.00143574   -0.0014259  0   0 
gamma_stat_nmjmeanSd0_bin_53   1.09512 +0.16059 -0.16059  0.00109431   -0.0010834  0   0 
gamma_stat_nmjmeanSd0_bin_54   0.783866 +0.235295 -0.235295  0.00286383   -0.00273154  0   0 
gamma_stat_nmjmeanSd0_bin_55   1.00889 +0.146262 -0.146262  0.00113456   -0.00112608  0   0 
gamma_stat_nmjmeanSd0_bin_56   1.17715 +0.318122 -0.318122  0.00181502   -0.001803  0   0 
gamma_stat_nmjmeanSd0_bin_57   0.8493 +0.30692 -0.30692  0.00167167   -0.00165154  0   0 
gamma_stat_nmjmeanSd0_bin_6   1.0362 +0.089108 -0.089108  0.00110526   -0.00110013  0   0 
gamma_stat_nmjmeanSd0_bin_7   1.01254 +0.0945325 -0.0945325  0.000939571   -0.000932096  0   0 
gamma_stat_nmjmeanSd0_bin_8   0.997197 +0.0637363 -0.0637363  0.000861205   -0.000851743  0   0 
gamma_stat_nmjmeanSd0_bin_9   0.99145 +0.0579474 -0.0579474  0.00103735   -0.00102778  0   0 
