BB   0.574304 +0.052258 -0.052258  -0.0754035   0.0904289  0   0 
BL   0.802696 +0.0495847 -0.0495847  0.0333852   -0.0319875  0   0 
CC   0.919842 +0.193216 -0.193216  0.0504987   -0.0467274  0   0 
CL   0.739193 +0.119372 -0.119372  -0.0226649   0.0234969  0   0 
LL   0.686444 +0.0172558 -0.0172558  -0.00424668   0.00439471  0   0 
gamma_stat_mjmeanSd0_2TAG_bin_0   0.997667 +0.136405 -0.136405  -2.62493e-05   1.67545e-05  0   0 
gamma_stat_mjmeanSd0_2TAG_bin_1   1.00249 +0.0695262 -0.0695262  -6.09947e-05   5.14994e-05  0   0 
gamma_stat_mjmeanSd0_2TAG_bin_10   1.00612 +0.0229019 -0.0229019  -0.00112525   0.00111733  0   0 
gamma_stat_mjmeanSd0_2TAG_bin_11   1.00861 +0.0221614 -0.0221614  0.00039812   0.00141816  0   0 
gamma_stat_mjmeanSd0_2TAG_bin_17   0.998052 +0.0211439 -0.0211439  -0.000791841   0.000783264  0   0 
gamma_stat_mjmeanSd0_2TAG_bin_18   0.9931 +0.0229597 -0.0229597  -0.00110647   0.00288218  0   0 
gamma_stat_mjmeanSd0_2TAG_bin_19   1.00099 +0.025894 -0.025894  -0.000960159   0.00274331  0   0 
gamma_stat_mjmeanSd0_2TAG_bin_2   0.991658 +0.100971 -0.100971  -0.000251228   0.00208749  0   0 
gamma_stat_mjmeanSd0_2TAG_bin_20   0.9935 +0.0285618 -0.0285618  0.00118484   0.000643363  0   0 
gamma_stat_mjmeanSd0_2TAG_bin_21   0.99702 +0.029333 -0.029333  -0.000584032   0.000575025  0   0 
gamma_stat_mjmeanSd0_2TAG_bin_22   0.992292 +0.0332211 -0.0332211  -0.000542498   0.000533461  0   0 
gamma_stat_mjmeanSd0_2TAG_bin_23   1.0011 +0.0407786 -0.0407786  -0.000777674   0.00258402  0   0 
gamma_stat_mjmeanSd0_2TAG_bin_24   0.997124 +0.0387539 -0.0387539  -0.000479636   0.000470487  0   0 
gamma_stat_mjmeanSd0_2TAG_bin_25   0.999871 +0.0414514 -0.0414514  -0.00040026   0.000391005  0   0 
gamma_stat_mjmeanSd0_2TAG_bin_26   1.00073 +0.0471426 -0.0471426  -0.000417824   0.000408603  0   0 
gamma_stat_mjmeanSd0_2TAG_bin_27   1.00653 +0.0514997 -0.0514997  -0.000378346   0.000369007  0   0 
gamma_stat_mjmeanSd0_2TAG_bin_28   1.00667 +0.0596753 -0.0596753  -0.000316223   0.000306875  0   0 
gamma_stat_mjmeanSd0_2TAG_bin_29   0.99709 +0.0447218 -0.0447218  -0.000220725   0.000211309  0   0 
gamma_stat_mjmeanSd0_2TAG_bin_3   0.995634 +0.0880778 -0.0880778  -0.000146222   0.000136752  0   0 
gamma_stat_mjmeanSd0_2TAG_bin_30   1.00274 +0.0644348 -0.0644348  -0.000238315   0.000228884  0   0 
gamma_stat_mjmeanSd0_2TAG_bin_31   1.00084 +0.0413674 -0.0413674  -7.33769e-05   6.39024e-05  0   0 
gamma_stat_mjmeanSd0_2TAG_bin_32   1.00055 +0.060034 -0.060034  -2.29993e-05   1.351e-05  0   0 
gamma_stat_mjmeanSd0_2TAG_bin_4   1.01936 +0.0842116 -0.0842116  -0.000237479   0.000228036  0   0 
gamma_stat_mjmeanSd0_2TAG_bin_5   0.99409 +0.0649629 -0.0649629  0.00163946   0.000189623  0   0 
gamma_stat_mjmeanSd0_2TAG_bin_6   1.00707 +0.0567786 -0.0567786  -0.000289761   0.000280396  0   0 
gamma_stat_mjmeanSd0_2TAG_bin_7   1.01112 +0.0514345 -0.0514345  -0.000545089   0.00237861  0   0 
gamma_stat_mjmeanSd0_2TAG_bin_8   1.00852 +0.0413277 -0.0413277  -0.000549165   0.000539965  0   0 
gamma_stat_mjmeanSd0_2TAG_bin_9   1.00194 +0.0330042 -0.0330042  -0.00087861   0.00269293  0   0 
gamma_stat_mjmeanSd0_bin_0   0.946192 +0.198146 -0.198146  -0.000280082   0.00202702  0   0 
gamma_stat_mjmeanSd0_bin_1   0.973794 +0.211976 -0.211976  -0.000376161   0.00210418  0   0 
gamma_stat_mjmeanSd0_bin_10   1.00638 +0.072195 -0.072195  -1.69478e-05   0.00181758  0   0 
gamma_stat_mjmeanSd0_bin_11   0.998076 +0.0412838 -0.0412838  0.00195952   -0.000162982  0   0 
gamma_stat_mjmeanSd0_bin_12   1.00076 +0.0437749 -0.0437749  4.29785e-06   -1.4024e-05  0   0 
gamma_stat_mjmeanSd0_bin_13   1.00539 +0.0413608 -0.0413608  0.00208452   -0.000327438  0   0 
gamma_stat_mjmeanSd0_bin_14   1.00506 +0.0297429 -0.0297429  0.00192525   -0.000302245  0   0 
gamma_stat_mjmeanSd0_bin_15   0.996817 +0.029357 -0.029357  0.00156995   6.5759e-05  0   0 
gamma_stat_mjmeanSd0_bin_16   1.00933 +0.023198 -0.023198  0.00148076   -0.000427892  0   0 
gamma_stat_mjmeanSd0_bin_17   1.01168 +0.0194811 -0.0194811  0.000857085   -0.000297214  0   0 
gamma_stat_mjmeanSd0_bin_2   0.990412 +0.139538 -0.139538  -0.000101019   9.15271e-05  0   0 
gamma_stat_mjmeanSd0_bin_3   1.01988 +0.112878 -0.112878  0.000161336   -0.000170801  0   0 
gamma_stat_mjmeanSd0_bin_30   0.99246 +0.0214677 -0.0214677  0.00154518   4.82426e-05  0   0 
gamma_stat_mjmeanSd0_bin_31   0.993754 +0.0221906 -0.0221906  0.00146636   0.00012316  0   0 
gamma_stat_mjmeanSd0_bin_32   1.00007 +0.0232309 -0.0232309  0.0010801   0.000522831  0   0 
gamma_stat_mjmeanSd0_bin_33   1.00488 +0.0280856 -0.0280856  0.0013209   0.000289327  0   0 
gamma_stat_mjmeanSd0_bin_34   1.0064 +0.027208 -0.027208  0.00113248   0.00047133  0   0 
gamma_stat_mjmeanSd0_bin_35   1.00014 +0.0317223 -0.0317223  0.00110958   0.000569272  0   0 
gamma_stat_mjmeanSd0_bin_36   1.00806 +0.0406173 -0.0406173  0.000974007   0.000566113  0   0 
gamma_stat_mjmeanSd0_bin_37   1.00266 +0.0375647 -0.0375647  0.000877972   0.000803864  0   0 
gamma_stat_mjmeanSd0_bin_38   0.995904 +0.0453535 -0.0453535  0.000501826   0.00106042  0   0 
gamma_stat_mjmeanSd0_bin_39   1.00267 +0.0409553 -0.0409553  0.00038853   0.00123756  0   0 
gamma_stat_mjmeanSd0_bin_4   1.04409 +0.149514 -0.149514  -0.000378895   0.0021086  0   0 
gamma_stat_mjmeanSd0_bin_40   0.987438 +0.0482086 -0.0482086  0.000460494   0.00117856  0   0 
gamma_stat_mjmeanSd0_bin_41   1.00096 +0.0567692 -0.0567692  0.000655802   0.00110575  0   0 
gamma_stat_mjmeanSd0_bin_42   1.003 +0.0581078 -0.0581078  0.000400795   0.00133061  0   0 
gamma_stat_mjmeanSd0_bin_43   1.00503 +0.0540084 -0.0540084  0.000489883   0.00132027  0   0 
gamma_stat_mjmeanSd0_bin_44   0.982741 +0.0572742 -0.0572742  0.000278984   0.00152777  0   0 
gamma_stat_mjmeanSd0_bin_45   1.01311 +0.0684256 -0.0684256  0.000510833   0.00131597  0   0 
gamma_stat_mjmeanSd0_bin_46   1.00037 +0.0798735 -0.0798735  0.000227489   0.00151046  0   0 
gamma_stat_mjmeanSd0_bin_47   0.976262 +0.0963333 -0.0963333  0.00058435   0.00122768  0   0 
gamma_stat_mjmeanSd0_bin_48   1.00225 +0.0869477 -0.0869477  7.20705e-05   0.00168486  0   0 
gamma_stat_mjmeanSd0_bin_49   1.00679 +0.109564 -0.109564  2.54986e-05   0.00173469  0   0 
gamma_stat_mjmeanSd0_bin_5   0.98271 +0.0852937 -0.0852937  -0.00034945   0.00207036  0   0 
gamma_stat_mjmeanSd0_bin_50   1.01053 +0.102206 -0.102206  7.35228e-05   0.00171013  0   0 
gamma_stat_mjmeanSd0_bin_51   1.00124 +0.118482 -0.118482  0.000304766   0.00150521  0   0 
gamma_stat_mjmeanSd0_bin_52   0.97201 +0.173192 -0.173192  0.000376211   0.0013643  0   0 
gamma_stat_mjmeanSd0_bin_53   1.02326 +0.160175 -0.160175  1.43761e-05   0.00179942  0   0 
gamma_stat_mjmeanSd0_bin_54   0.979182 +0.150682 -0.150682  -0.000325362   0.00201119  0   0 
gamma_stat_mjmeanSd0_bin_55   1.00189 +0.126903 -0.126903  0.000192596   -0.000202043  0   0 
gamma_stat_mjmeanSd0_bin_56   1.02333 +0.204564 -0.204564  0.000158123   -0.00016758  0   0 
gamma_stat_mjmeanSd0_bin_57   1.00723 +0.141172 -0.141172  -1.13953e-05   0.00184102  0   0 
gamma_stat_mjmeanSd0_bin_6   1.05893 +0.143951 -0.143951  -0.000424506   0.0021681  0   0 
gamma_stat_mjmeanSd0_bin_7   1.01064 +0.123656 -0.123656  -0.000633321   0.00214474  0   0 
gamma_stat_mjmeanSd0_bin_8   0.977729 +0.109141 -0.109141  -0.0001825   0.00171873  0   0 
gamma_stat_mjmeanSd0_bin_9   1.02427 +0.060315 -0.060315  -0.000224581   0.00195257  0   0 
gamma_stat_nmjmeanSd0_2TAG_bin_0   1.00119 +0.209835 -0.209835  -3.96381e-05   3.01438e-05  0   0 
gamma_stat_nmjmeanSd0_2TAG_bin_1   1.00043 +0.104073 -0.104073  -3.15702e-05   2.20748e-05  0   0 
gamma_stat_nmjmeanSd0_2TAG_bin_10   1.01244 +0.0501284 -0.0501284  0.00152663   0.000304643  0   0 
gamma_stat_nmjmeanSd0_2TAG_bin_11   1.00473 +0.0499185 -0.0499185  0.00141365   0.00039965  0   0 
gamma_stat_nmjmeanSd0_2TAG_bin_12   0.997284 +0.0340975 -0.0340975  -0.000721694   0.00255769  0   0 
gamma_stat_nmjmeanSd0_2TAG_bin_13   1.00266 +0.0285556 -0.0285556  -0.000994951   0.00279883  0   0 
gamma_stat_nmjmeanSd0_2TAG_bin_17   0.998311 +0.0206198 -0.0206198  -0.00135035   0.00134304  0   0 
gamma_stat_nmjmeanSd0_2TAG_bin_18   0.996776 +0.0207825 -0.0207825  0.000798464   0.000968205  0   0 
gamma_stat_nmjmeanSd0_2TAG_bin_19   1.00531 +0.022793 -0.022793  0.000990441   0.000762474  0   0 
gamma_stat_nmjmeanSd0_2TAG_bin_2   0.991208 +0.133982 -0.133982  -5.12932e-05   4.18079e-05  0   0 
gamma_stat_nmjmeanSd0_2TAG_bin_20   0.999809 +0.0253186 -0.0253186  0.00115903   0.000511442  0   0 
gamma_stat_nmjmeanSd0_2TAG_bin_21   0.999191 +0.0256839 -0.0256839  0.00120298   0.000511211  0   0 
gamma_stat_nmjmeanSd0_2TAG_bin_22   0.996225 +0.0276088 -0.0276088  0.00129679   0.000394491  0   0 
gamma_stat_nmjmeanSd0_2TAG_bin_23   0.999784 +0.0310989 -0.0310989  0.00139773   0.000250303  0   0 
gamma_stat_nmjmeanSd0_2TAG_bin_24   0.996481 +0.0306819 -0.0306819  0.00141301   0.000291494  0   0 
gamma_stat_nmjmeanSd0_2TAG_bin_25   1.00026 +0.0325692 -0.0325692  0.00147931   0.000213116  0   0 
gamma_stat_nmjmeanSd0_2TAG_bin_26   1.00402 +0.0370782 -0.0370782  0.00157153   0.0001288  0   0 
gamma_stat_nmjmeanSd0_2TAG_bin_27   0.981416 +0.0529156 -0.0529156  0.00150057   0.000156635  0   0 
gamma_stat_nmjmeanSd0_2TAG_bin_28   0.99068 +0.0541756 -0.0541756  0.00147469   0.000224566  0   0 
gamma_stat_nmjmeanSd0_2TAG_bin_29   0.99258 +0.0588886 -0.0588886  0.00152755   0.000139901  0   0 
gamma_stat_nmjmeanSd0_2TAG_bin_3   1.00489 +0.13093 -0.13093  -0.000226518   0.000217076  0   0 
gamma_stat_nmjmeanSd0_2TAG_bin_30   0.994268 +0.0468026 -0.0468026  0.00162044   0.000148924  0   0 
gamma_stat_nmjmeanSd0_2TAG_bin_31   0.994362 +0.0489512 -0.0489512  0.00166888   9.6454e-05  0   0 
gamma_stat_nmjmeanSd0_2TAG_bin_32   0.998705 +0.0558155 -0.0558155  0.00167201   7.7765e-05  0   0 
gamma_stat_nmjmeanSd0_2TAG_bin_33   1.00178 +0.0390273 -0.0390273  0.00175089   4.18062e-05  0   0 
gamma_stat_nmjmeanSd0_2TAG_bin_34   1.00514 +0.0657667 -0.0657667  0.00172289   7.75962e-05  0   0 
gamma_stat_nmjmeanSd0_2TAG_bin_35   0.98575 +0.0987862 -0.0987862  0.00172073   9.51783e-05  0   0 
gamma_stat_nmjmeanSd0_2TAG_bin_36   0.999223 +0.0903712 -0.0903712  0.00171781   8.40034e-05  0   0 
gamma_stat_nmjmeanSd0_2TAG_bin_37   0.989552 +0.0671257 -0.0671257  0.00175788   4.84319e-05  0   0 
gamma_stat_nmjmeanSd0_2TAG_bin_38   1.00748 +0.105514 -0.105514  0.00164862   0.000179269  0   0 
gamma_stat_nmjmeanSd0_2TAG_bin_39   0.998226 +0.0509816 -0.0509816  -2.1725e-05   1.22354e-05  0   0 
gamma_stat_nmjmeanSd0_2TAG_bin_4   1.00315 +0.0977607 -0.0977607  -0.000114351   0.000104857  0   0 
gamma_stat_nmjmeanSd0_2TAG_bin_40   0.997421 +0.107886 -0.107886  -2.58329e-05   1.6339e-05  0   0 
gamma_stat_nmjmeanSd0_2TAG_bin_41   1.00076 +0.0845043 -0.0845043  -1.17324e-05   2.23812e-06  0   0 
gamma_stat_nmjmeanSd0_2TAG_bin_5   1.00437 +0.080551 -0.080551  0.00176962   6.66606e-05  0   0 
gamma_stat_nmjmeanSd0_2TAG_bin_6   0.999289 +0.0762416 -0.0762416  0.00171925   0.000100594  0   0 
gamma_stat_nmjmeanSd0_2TAG_bin_7   1.05209 +0.122172 -0.122172  -0.000479615   0.000470373  0   0 
gamma_stat_nmjmeanSd0_2TAG_bin_8   1.0021 +0.0606483 -0.0606483  -0.000276992   0.000267593  0   0 
gamma_stat_nmjmeanSd0_2TAG_bin_9   1.0015 +0.0551803 -0.0551803  -0.000275712   0.000266264  0   0 
gamma_stat_nmjmeanSd0_bin_0   1.0259 +0.131065 -0.131065  0.0020136   -0.000226332  0   0 
gamma_stat_nmjmeanSd0_bin_1   0.996686 +0.135886 -0.135886  0.000153337   0.0016726  0   0 
gamma_stat_nmjmeanSd0_bin_10   1.01221 +0.0741823 -0.0741823  0.00270202   -0.000866808  0   0 
gamma_stat_nmjmeanSd0_bin_11   0.989983 +0.0894216 -0.0894216  0.00314198   -0.0013631  0   0 
gamma_stat_nmjmeanSd0_bin_12   1.04855 +0.0642923 -0.0642923  0.000783208   0.00101496  0   0 
gamma_stat_nmjmeanSd0_bin_13   1.00462 +0.0474741 -0.0474741  0.00289386   -0.00108559  0   0 
gamma_stat_nmjmeanSd0_bin_14   1.00405 +0.0422259 -0.0422259  0.0028005   -0.000976854  0   0 
gamma_stat_nmjmeanSd0_bin_15   1.01159 +0.0370098 -0.0370098  -0.000228209   0.00173007  0   0 
gamma_stat_nmjmeanSd0_bin_16   1.01034 +0.029194 -0.029194  -4.08283e-05   0.00151261  0   0 
gamma_stat_nmjmeanSd0_bin_17   1.00456 +0.0225872 -0.0225872  -0.00106762   0.00231206  0   0 
gamma_stat_nmjmeanSd0_bin_2   1.08468 +0.217394 -0.217394  0.00252051   -0.000719632  0   0 
gamma_stat_nmjmeanSd0_bin_23   0.996627 +0.0213465 -0.0213465  0.00237761   -0.00151493  0   0 
gamma_stat_nmjmeanSd0_bin_24   1.00101 +0.0239078 -0.0239078  0.0039794   -0.0024858  0   0 
gamma_stat_nmjmeanSd0_bin_25   0.998087 +0.0245001 -0.0245001  0.0039029   -0.00216273  0   0 
gamma_stat_nmjmeanSd0_bin_26   0.994509 +0.0306831 -0.0306831  0.00679485   -0.00497939  0   0 
gamma_stat_nmjmeanSd0_bin_27   0.997867 +0.02741 -0.02741  0.00632225   -0.00477926  0   0 
gamma_stat_nmjmeanSd0_bin_28   1.00221 +0.0294418 -0.0294418  0.00602903   -0.00448496  0   0 
gamma_stat_nmjmeanSd0_bin_29   1.00296 +0.0314648 -0.0314648  0.0057555   -0.00425972  0   0 
gamma_stat_nmjmeanSd0_bin_3   0.93208 +0.147635 -0.147635  0.0003129   -0.000322268  0   0 
gamma_stat_nmjmeanSd0_bin_30   1.00553 +0.0357416 -0.0357416  0.00624479   -0.00477448  0   0 
gamma_stat_nmjmeanSd0_bin_31   1.01061 +0.0461134 -0.0461134  0.00648043   -0.00514742  0   0 
gamma_stat_nmjmeanSd0_bin_32   0.989622 +0.0403996 -0.0403996  0.00535922   -0.003862  0   0 
gamma_stat_nmjmeanSd0_bin_33   1.00294 +0.0482334 -0.0482334  0.00610265   -0.00462947  0   0 
gamma_stat_nmjmeanSd0_bin_34   0.99677 +0.05592 -0.05592  0.00550956   -0.00414648  0   0 
gamma_stat_nmjmeanSd0_bin_35   0.999372 +0.0509694 -0.0509694  0.00506091   -0.00363231  0   0 
gamma_stat_nmjmeanSd0_bin_36   1.00379 +0.043927 -0.043927  0.00438505   -0.00278958  0   0 
gamma_stat_nmjmeanSd0_bin_37   1.00115 +0.0760716 -0.0760716  0.00520836   -0.00366113  0   0 
gamma_stat_nmjmeanSd0_bin_38   1.01078 +0.0572982 -0.0572982  0.00484171   -0.00334804  0   0 
gamma_stat_nmjmeanSd0_bin_39   1.00455 +0.0493376 -0.0493376  0.00383898   -0.00232211  0   0 
gamma_stat_nmjmeanSd0_bin_4   1.05168 +0.19998 -0.19998  0.000268558   0.00153177  0   0 
gamma_stat_nmjmeanSd0_bin_40   0.965689 +0.10613 -0.10613  0.00528196   -0.00370065  0   0 
gamma_stat_nmjmeanSd0_bin_41   0.988623 +0.0819062 -0.0819062  0.00428281   -0.00270054  0   0 
gamma_stat_nmjmeanSd0_bin_42   0.992574 +0.0679338 -0.0679338  0.00330583   -0.00167574  0   0 
gamma_stat_nmjmeanSd0_bin_43   1.00736 +0.0884218 -0.0884218  0.0039819   -0.0025008  0   0 
gamma_stat_nmjmeanSd0_bin_44   0.989581 +0.0825349 -0.0825349  0.00358537   -0.00193179  0   0 
gamma_stat_nmjmeanSd0_bin_45   1.01626 +0.105778 -0.105778  0.00367538   -0.00199033  0   0 
gamma_stat_nmjmeanSd0_bin_46   0.997391 +0.0877408 -0.0877408  0.00319968   -0.00152806  0   0 
gamma_stat_nmjmeanSd0_bin_47   1.01977 +0.163613 -0.163613  0.00370622   -0.00209734  0   0 
gamma_stat_nmjmeanSd0_bin_48   0.993394 +0.0988122 -0.0988122  0.00324305   -0.00155951  0   0 
gamma_stat_nmjmeanSd0_bin_49   0.986357 +0.0930335 -0.0930335  0.0029731   -0.00132065  0   0 
gamma_stat_nmjmeanSd0_bin_5   1.02995 +0.134962 -0.134962  0.00220919   -0.000460549  0   0 
gamma_stat_nmjmeanSd0_bin_50   0.993475 +0.120664 -0.120664  0.00318786   -0.00151316  0   0 
gamma_stat_nmjmeanSd0_bin_51   0.9911 +0.154195 -0.154195  0.00282202   -0.00121184  0   0 
gamma_stat_nmjmeanSd0_bin_52   1.00632 +0.12395 -0.12395  0.00277691   -0.001088  0   0 
gamma_stat_nmjmeanSd0_bin_53   0.998766 +0.154281 -0.154281  0.00226361   -0.000486417  0   0 
gamma_stat_nmjmeanSd0_bin_54   1.06186 +0.185407 -0.185407  0.00240499   -0.000767881  0   0 
gamma_stat_nmjmeanSd0_bin_55   0.936185 +0.298318 -0.298318  0.00306658   -0.00142567  0   0 
gamma_stat_nmjmeanSd0_bin_56   0.981245 +0.143578 -0.143578  0.00237477   -0.000560323  0   0 
gamma_stat_nmjmeanSd0_bin_57   1.02369 +0.143238 -0.143238  0.00244582   -0.000700462  0   0 
gamma_stat_nmjmeanSd0_bin_58   0.997168 +0.213947 -0.213947  0.00233152   -0.000518001  0   0 
gamma_stat_nmjmeanSd0_bin_6   1.0093 +0.115905 -0.115905  0.00224988   -0.000446131  0   0 
gamma_stat_nmjmeanSd0_bin_7   1.0404 +0.12834 -0.12834  0.00272144   -0.000937219  0   0 
gamma_stat_nmjmeanSd0_bin_8   1.00282 +0.0914879 -0.0914879  0.00239049   -0.000611549  0   0 
gamma_stat_nmjmeanSd0_bin_9   1.02496 +0.0869187 -0.0869187  0.00250519   -0.000821375  0   0 
