BB   0.555817 +0.0648904 -0.0648904  -0.102533   0.130436  0   0 
BL   0.706261 +0.0280767 -0.0280767  0.0649106   -0.0559036  0   0 
CC   1.35496 +0.194924 -0.194924  0.0776686   -0.0637325  0   0 
CL   0.768533 +0.0611109 -0.0611109  -0.0360233   0.041451  0   0 
LL   0.633704 +0.00811507 -0.00811507  -0.00832954   0.0132208  0   0 
gamma_stat_mjmeanSd0_2TAG_bin_0   0.999028 +0.106297 -0.106297  -1.1863e-05   2.33705e-06  0   0 
gamma_stat_mjmeanSd0_2TAG_bin_1   1.0104 +0.115303 -0.115303  -0.000187797   0.000178324  0   0 
gamma_stat_mjmeanSd0_2TAG_bin_10   0.999467 +0.0350787 -0.0350787  -0.000484726   0.000478806  0   0 
gamma_stat_mjmeanSd0_2TAG_bin_11   1.00208 +0.0296188 -0.0296188  -0.00161188   0.00162385  0   0 
gamma_stat_mjmeanSd0_2TAG_bin_12   0.997372 +0.0265701 -0.0265701  -0.00137109   0.00137962  0   0 
gamma_stat_mjmeanSd0_2TAG_bin_13   1.00338 +0.0225173 -0.0225173  -0.00226612   0.00237441  0   0 
gamma_stat_mjmeanSd0_2TAG_bin_2   0.988724 +0.119534 -0.119534  -1.83577e-06   -7.73117e-06  0   0 
gamma_stat_mjmeanSd0_2TAG_bin_22   0.994663 +0.0197249 -0.0197249  -0.000436496   0.00035646  0   0 
gamma_stat_mjmeanSd0_2TAG_bin_23   1.00278 +0.0225045 -0.0225045  -3.7767e-05   8.0505e-05  0   0 
gamma_stat_mjmeanSd0_2TAG_bin_24   0.994275 +0.0274614 -0.0274614  -0.000388611   0.000315926  0   0 
gamma_stat_mjmeanSd0_2TAG_bin_25   1.00318 +0.0260865 -0.0260865  -2.65702e-05   5.03948e-05  0   0 
gamma_stat_mjmeanSd0_2TAG_bin_26   0.999198 +0.0285672 -0.0285672  0.000194526   -0.000188708  0   0 
gamma_stat_mjmeanSd0_2TAG_bin_27   0.993144 +0.0303268 -0.0303268  0.000108029   -0.000154449  0   0 
gamma_stat_mjmeanSd0_2TAG_bin_28   0.998608 +0.0346921 -0.0346921  3.4196e-05   -3.53949e-05  0   0 
gamma_stat_mjmeanSd0_2TAG_bin_29   0.990442 +0.0383268 -0.0383268  1.64313e-08   -1.16462e-05  0   0 
gamma_stat_mjmeanSd0_2TAG_bin_3   1.00192 +0.0964699 -0.0964699  -0.000171484   0.000162113  0   0 
gamma_stat_mjmeanSd0_2TAG_bin_30   0.996163 +0.0354693 -0.0354693  5.72011e-05   -6.35054e-05  0   0 
gamma_stat_mjmeanSd0_2TAG_bin_31   0.997385 +0.0318749 -0.0318749  2.7358e-05   -3.55867e-05  0   0 
gamma_stat_mjmeanSd0_2TAG_bin_32   1.00039 +0.0381067 -0.0381067  2.48134e-05   -3.37811e-05  0   0 
gamma_stat_mjmeanSd0_2TAG_bin_33   0.998885 +0.0478195 -0.0478195  1.14372e-05   -2.0759e-05  0   0 
gamma_stat_mjmeanSd0_2TAG_bin_34   0.998415 +0.0802332 -0.0802332  2.23338e-05   -3.15799e-05  0   0 
gamma_stat_mjmeanSd0_2TAG_bin_35   0.994396 +0.133505 -0.133505  -0.000199818   0.000190389  0   0 
gamma_stat_mjmeanSd0_2TAG_bin_36   0.998129 +0.0766323 -0.0766323  -1.331e-05   3.73143e-06  0   0 
gamma_stat_mjmeanSd0_2TAG_bin_37   0.996016 +0.161928 -0.161928  -6.87848e-05   5.92257e-05  0   0 
gamma_stat_mjmeanSd0_2TAG_bin_4   1.00805 +0.0773055 -0.0773055  -0.000130633   0.000121765  0   0 
gamma_stat_mjmeanSd0_2TAG_bin_5   0.980661 +0.0867122 -0.0867122  -0.000323186   0.000312701  0   0 
gamma_stat_mjmeanSd0_2TAG_bin_6   0.987687 +0.0646828 -0.0646828  -0.000339538   0.000329489  0   0 
gamma_stat_mjmeanSd0_2TAG_bin_7   1.00341 +0.053611 -0.053611  -0.000143047   0.000135633  0   0 
gamma_stat_mjmeanSd0_2TAG_bin_8   0.993512 +0.0498563 -0.0498563  -0.000366035   0.000358002  0   0 
gamma_stat_mjmeanSd0_2TAG_bin_9   1.00018 +0.0390853 -0.0390853  -0.000466011   0.000459998  0   0 
gamma_stat_mjmeanSd0_bin_0   1.02176 +0.14338 -0.14338  -8.99218e-06   -7.35253e-07  0   0 
gamma_stat_mjmeanSd0_bin_1   0.998362 +0.0970308 -0.0970308  0.000163095   -0.000172303  0   0 
gamma_stat_mjmeanSd0_bin_10   0.997908 +0.0363926 -0.0363926  -0.000568484   0.000572691  0   0 
gamma_stat_mjmeanSd0_bin_11   0.994236 +0.0310609 -0.0310609  0.000121601   -0.000120206  0   0 
gamma_stat_mjmeanSd0_bin_12   1.00228 +0.0267293 -0.0267293  -0.000230489   0.000246658  0   0 
gamma_stat_mjmeanSd0_bin_13   1.00148 +0.0200782 -0.0200782  0.000166334   -0.000144175  0   0 
gamma_stat_mjmeanSd0_bin_14   1.00183 +0.0191307 -0.0191307  -0.000179957   0.000249563  0   0 
gamma_stat_mjmeanSd0_bin_2   0.997918 +0.0814541 -0.0814541  3.33199e-05   -4.22914e-05  0   0 
gamma_stat_mjmeanSd0_bin_3   0.977862 +0.0993827 -0.0993827  0.000592971   -0.000600518  0   0 
gamma_stat_mjmeanSd0_bin_32   1.00323 +0.0206861 -0.0206861  0.000824535   -0.000812468  0   0 
gamma_stat_mjmeanSd0_bin_34   1.00253 +0.0234902 -0.0234902  0.000817236   -0.00080601  0   0 
gamma_stat_mjmeanSd0_bin_35   0.989705 +0.0259517 -0.0259517  0.000789436   -0.000737777  0   0 
gamma_stat_mjmeanSd0_bin_36   1.00745 +0.0318656 -0.0318656  0.000429131   -0.000420488  0   0 
gamma_stat_mjmeanSd0_bin_37   0.990814 +0.0327799 -0.0327799  0.000914934   -0.000911983  0   0 
gamma_stat_mjmeanSd0_bin_38   1.00708 +0.0348055 -0.0348055  0.000763186   -0.000763714  0   0 
gamma_stat_mjmeanSd0_bin_39   0.999602 +0.0430939 -0.0430939  0.000837405   -0.000835714  0   0 
gamma_stat_mjmeanSd0_bin_4   0.998886 +0.0706933 -0.0706933  -0.000264222   0.000255944  0   0 
gamma_stat_mjmeanSd0_bin_40   1.00212 +0.0384099 -0.0384099  3.49809e-05   -4.07384e-05  0   0 
gamma_stat_mjmeanSd0_bin_41   1.00218 +0.0444412 -0.0444412  9.42106e-06   -1.42831e-05  0   0 
gamma_stat_mjmeanSd0_bin_42   1.00767 +0.0473424 -0.0473424  0.000280097   -0.00028791  0   0 
gamma_stat_mjmeanSd0_bin_43   0.995483 +0.0525342 -0.0525342  4.697e-05   -5.28511e-05  0   0 
gamma_stat_mjmeanSd0_bin_44   1.01106 +0.050938 -0.050938  0.000382236   -0.000391639  0   0 
gamma_stat_mjmeanSd0_bin_45   1.00885 +0.0696996 -0.0696996  0.000627503   -0.000635099  0   0 
gamma_stat_mjmeanSd0_bin_46   0.99562 +0.0776542 -0.0776542  -0.000145379   0.000137634  0   0 
gamma_stat_mjmeanSd0_bin_47   0.98178 +0.0855137 -0.0855137  -0.000416511   0.000409526  0   0 
gamma_stat_mjmeanSd0_bin_48   1.01129 +0.0705482 -0.0705482  0.000274953   -0.000284503  0   0 
gamma_stat_mjmeanSd0_bin_49   0.995526 +0.0799745 -0.0799745  0.000444109   -0.000452856  0   0 
gamma_stat_mjmeanSd0_bin_5   1.00921 +0.0732035 -0.0732035  7.82354e-05   -8.74143e-05  0   0 
gamma_stat_mjmeanSd0_bin_50   0.985561 +0.101246 -0.101246  0.000152564   -0.000161469  0   0 
gamma_stat_mjmeanSd0_bin_51   1.01745 +0.0892195 -0.0892195  0.000230789   -0.000240336  0   0 
gamma_stat_mjmeanSd0_bin_52   1.00674 +0.0923715 -0.0923715  9.03646e-05   -9.97937e-05  0   0 
gamma_stat_mjmeanSd0_bin_53   0.994414 +0.127501 -0.127501  -5.76141e-05   4.8502e-05  0   0 
gamma_stat_mjmeanSd0_bin_54   1.00462 +0.110647 -0.110647  9.19551e-05   -0.000101628  0   0 
gamma_stat_mjmeanSd0_bin_55   0.978333 +0.136009 -0.136009  0.000129924   -0.000139267  0   0 
gamma_stat_mjmeanSd0_bin_56   1.01938 +0.123923 -0.123923  0.000100706   -0.000110223  0   0 
gamma_stat_mjmeanSd0_bin_57   1.02109 +0.186298 -0.186298  -0.00093024   0.000923174  0   0 
gamma_stat_mjmeanSd0_bin_6   1.01474 +0.0730813 -0.0730813  -9.7249e-05   8.72465e-05  0   0 
gamma_stat_mjmeanSd0_bin_7   0.959221 +0.0832793 -0.0832793  -0.000296589   0.000317617  0   0 
gamma_stat_mjmeanSd0_bin_8   1.01274 +0.0481512 -0.0481512  0.00014059   -0.000151355  0   0 
gamma_stat_mjmeanSd0_bin_9   1.00649 +0.0406057 -0.0406057  -0.000380534   0.000375456  0   0 
gamma_stat_nmjmeanSd0_2TAG_bin_0   1.0024 +0.178484 -0.178484  -0.000124562   0.000115055  0   0 
gamma_stat_nmjmeanSd0_2TAG_bin_1   0.996711 +0.149436 -0.149436  -1.98167e-05   1.03489e-05  0   0 
gamma_stat_nmjmeanSd0_2TAG_bin_10   0.986783 +0.0597933 -0.0597933  -0.000448993   0.000438697  0   0 
gamma_stat_nmjmeanSd0_2TAG_bin_11   0.9921 +0.0758391 -0.0758391  -0.000299029   0.000293176  0   0 
gamma_stat_nmjmeanSd0_2TAG_bin_12   0.991318 +0.0482449 -0.0482449  -0.000432439   0.000422983  0   0 
gamma_stat_nmjmeanSd0_2TAG_bin_13   0.987137 +0.0539012 -0.0539012  -0.000699702   0.000688859  0   0 
gamma_stat_nmjmeanSd0_2TAG_bin_14   1.00349 +0.0355526 -0.0355526  -0.000774736   0.000771839  0   0 
gamma_stat_nmjmeanSd0_2TAG_bin_15   0.995096 +0.0317123 -0.0317123  -0.000562197   0.0005555  0   0 
gamma_stat_nmjmeanSd0_2TAG_bin_16   1.0006 +0.0312666 -0.0312666  -0.000971112   0.000975046  0   0 
gamma_stat_nmjmeanSd0_2TAG_bin_17   1.00624 +0.0249943 -0.0249943  -0.00112393   0.00118832  0   0 
gamma_stat_nmjmeanSd0_2TAG_bin_2   1.00897 +0.122521 -0.122521  -0.000131098   0.000121703  0   0 
gamma_stat_nmjmeanSd0_2TAG_bin_24   0.995651 +0.0214293 -0.0214293  -3.34691e-05   -6.28614e-05  0   0 
gamma_stat_nmjmeanSd0_2TAG_bin_25   1.00294 +0.0235335 -0.0235335  0.000616674   -0.000473996  0   0 
gamma_stat_nmjmeanSd0_2TAG_bin_26   0.999213 +0.0292751 -0.0292751  0.000474584   -0.000560998  0   0 
gamma_stat_nmjmeanSd0_2TAG_bin_27   0.995767 +0.0308155 -0.0308155  0.000467587   -0.000513847  0   0 
gamma_stat_nmjmeanSd0_2TAG_bin_28   1.00221 +0.0293363 -0.0293363  0.00045298   -0.000423453  0   0 
gamma_stat_nmjmeanSd0_2TAG_bin_29   1.00071 +0.0300209 -0.0300209  0.000543063   -0.000528158  0   0 
gamma_stat_nmjmeanSd0_2TAG_bin_3   0.999599 +0.116288 -0.116288  -0.000372386   0.000363165  0   0 
gamma_stat_nmjmeanSd0_2TAG_bin_30   0.997416 +0.0356004 -0.0356004  0.000486839   -0.000477477  0   0 
gamma_stat_nmjmeanSd0_2TAG_bin_31   0.996911 +0.0363792 -0.0363792  0.000522952   -0.00052012  0   0 
gamma_stat_nmjmeanSd0_2TAG_bin_32   0.986088 +0.0407313 -0.0407313  0.00053795   -0.000638146  0   0 
gamma_stat_nmjmeanSd0_2TAG_bin_33   0.9945 +0.0421929 -0.0421929  0.000488266   -0.000490159  0   0 
gamma_stat_nmjmeanSd0_2TAG_bin_34   1.00391 +0.0488043 -0.0488043  0.000465922   -0.00046008  0   0 
gamma_stat_nmjmeanSd0_2TAG_bin_35   0.99727 +0.0520225 -0.0520225  0.000377583   -0.000381016  0   0 
gamma_stat_nmjmeanSd0_2TAG_bin_36   0.992024 +0.0497489 -0.0497489  0.000346312   -0.00035411  0   0 
gamma_stat_nmjmeanSd0_2TAG_bin_37   1.00245 +0.055554 -0.055554  0.000435796   -0.000437171  0   0 
gamma_stat_nmjmeanSd0_2TAG_bin_38   1.00799 +0.0787242 -0.0787242  0.000456043   -0.000454651  0   0 
gamma_stat_nmjmeanSd0_2TAG_bin_39   0.96935 +0.0784993 -0.0784993  0.000563828   -0.000604894  0   0 
gamma_stat_nmjmeanSd0_2TAG_bin_4   0.976141 +0.153268 -0.153268  -9.77922e-05   8.79576e-05  0   0 
gamma_stat_nmjmeanSd0_2TAG_bin_40   0.998534 +0.0491954 -0.0491954  0.000249335   -0.000257478  0   0 
gamma_stat_nmjmeanSd0_2TAG_bin_41   0.973792 +0.0867574 -0.0867574  0.000208597   -0.000217808  0   0 
gamma_stat_nmjmeanSd0_2TAG_bin_42   1.0091 +0.080406 -0.080406  0.00025024   -0.000257093  0   0 
gamma_stat_nmjmeanSd0_2TAG_bin_43   1.00095 +0.0696351 -0.0696351  0.000170149   -0.00017902  0   0 
gamma_stat_nmjmeanSd0_2TAG_bin_44   0.970584 +0.114892 -0.114892  9.28277e-05   -0.000104544  0   0 
gamma_stat_nmjmeanSd0_2TAG_bin_45   0.995681 +0.0988889 -0.0988889  0.000140192   -0.000149356  0   0 
gamma_stat_nmjmeanSd0_2TAG_bin_46   0.993336 +0.104935 -0.104935  0.000146615   -0.000155807  0   0 
gamma_stat_nmjmeanSd0_2TAG_bin_47   0.999654 +0.0739131 -0.0739131  6.54538e-05   -7.49108e-05  0   0 
gamma_stat_nmjmeanSd0_2TAG_bin_48   1.00611 +0.162094 -0.162094  6.55162e-05   -7.49342e-05  0   0 
gamma_stat_nmjmeanSd0_2TAG_bin_5   0.975708 +0.103394 -0.103394  -0.000493531   0.000484031  0   0 
gamma_stat_nmjmeanSd0_2TAG_bin_6   1.0201 +0.0908678 -0.0908678  -5.18521e-05   4.24416e-05  0   0 
gamma_stat_nmjmeanSd0_2TAG_bin_7   1.01269 +0.0803124 -0.0803124  -0.000215811   0.000207617  0   0 
gamma_stat_nmjmeanSd0_2TAG_bin_8   1.00662 +0.0883602 -0.0883602  -7.0646e-05   6.25911e-05  0   0 
gamma_stat_nmjmeanSd0_2TAG_bin_9   1.00841 +0.0779525 -0.0779525  -0.000466956   0.000458651  0   0 
gamma_stat_nmjmeanSd0_bin_0   0.929246 +0.110846 -0.110846  0.000489941   -0.000496455  0   0 
gamma_stat_nmjmeanSd0_bin_1   1.00324 +0.0976642 -0.0976642  0.000661112   -0.000670029  0   0 
gamma_stat_nmjmeanSd0_bin_10   1.00422 +0.0428209 -0.0428209  0.00157536   -0.00155137  0   0 
gamma_stat_nmjmeanSd0_bin_11   0.992051 +0.0359949 -0.0359949  0.000769404   -0.000726953  0   0 
gamma_stat_nmjmeanSd0_bin_12   0.997253 +0.0322542 -0.0322542  0.00187485   -0.00182711  0   0 
gamma_stat_nmjmeanSd0_bin_13   1.00308 +0.0277703 -0.0277703  0.00092075   -0.000866533  0   0 
gamma_stat_nmjmeanSd0_bin_14   0.993458 +0.0241136 -0.0241136  0.000851245   -0.00157227  0   0 
gamma_stat_nmjmeanSd0_bin_15   0.998969 +0.0206022 -0.0206022  -0.000148719   -0.000352499  0   0 
gamma_stat_nmjmeanSd0_bin_2   1.0338 +0.0782417 -0.0782417  0.000343359   -0.000342979  0   0 
gamma_stat_nmjmeanSd0_bin_26   0.999591 +0.0200725 -0.0200725  0.0102743   -0.01026  0   0 
gamma_stat_nmjmeanSd0_bin_27   0.975645 +0.0249991 -0.0249991  0.00986486   -0.0109703  0   0 
gamma_stat_nmjmeanSd0_bin_28   0.992843 +0.0265959 -0.0265959  0.00902932   -0.00905664  0   0 
gamma_stat_nmjmeanSd0_bin_29   1.00292 +0.027547 -0.027547  0.00820997   -0.00811465  0   0 
gamma_stat_nmjmeanSd0_bin_3   0.930138 +0.0833478 -0.0833478  0.00137693   -0.00140953  0   0 
gamma_stat_nmjmeanSd0_bin_30   0.99761 +0.0301848 -0.0301848  0.00917543   -0.00929301  0   0 
gamma_stat_nmjmeanSd0_bin_31   1.00792 +0.0326614 -0.0326614  0.00801609   -0.00789087  0   0 
gamma_stat_nmjmeanSd0_bin_32   1.01435 +0.0353156 -0.0353156  0.00804335   -0.00799962  0   0 
gamma_stat_nmjmeanSd0_bin_33   0.985613 +0.0368354 -0.0368354  0.0084957   -0.00844415  0   0 
gamma_stat_nmjmeanSd0_bin_34   1.00923 +0.0383449 -0.0383449  0.00695914   -0.00694097  0   0 
gamma_stat_nmjmeanSd0_bin_35   1.01198 +0.0459563 -0.0459563  0.0051851   -0.00514115  0   0 
gamma_stat_nmjmeanSd0_bin_36   1.02301 +0.0523519 -0.0523519  0.0060023   -0.00594472  0   0 
gamma_stat_nmjmeanSd0_bin_37   1.00528 +0.0565731 -0.0565731  0.00605878   -0.00598867  0   0 
gamma_stat_nmjmeanSd0_bin_38   1.00738 +0.0576725 -0.0576725  0.00581462   -0.00575229  0   0 
gamma_stat_nmjmeanSd0_bin_39   1.0194 +0.0565516 -0.0565516  0.00428714   -0.00426341  0   0 
gamma_stat_nmjmeanSd0_bin_4   1.03643 +0.0705316 -0.0705316  0.00050283   -0.000498305  0   0 
gamma_stat_nmjmeanSd0_bin_40   0.969642 +0.0652617 -0.0652617  0.00544521   -0.00539359  0   0 
gamma_stat_nmjmeanSd0_bin_41   0.996008 +0.0758614 -0.0758614  0.00497327   -0.00492713  0   0 
gamma_stat_nmjmeanSd0_bin_42   0.991842 +0.0670283 -0.0670283  0.00505212   -0.00501063  0   0 
gamma_stat_nmjmeanSd0_bin_43   1.02042 +0.0677492 -0.0677492  0.00337224   -0.00335987  0   0 
gamma_stat_nmjmeanSd0_bin_44   0.976328 +0.0848716 -0.0848716  0.00315516   -0.00314515  0   0 
gamma_stat_nmjmeanSd0_bin_45   1.03119 +0.0807686 -0.0807686  0.003016   -0.00300642  0   0 
gamma_stat_nmjmeanSd0_bin_46   1.04787 +0.0979146 -0.0979146  0.00410907   -0.00408143  0   0 
gamma_stat_nmjmeanSd0_bin_47   1.11292 +0.131399 -0.131399  0.00257862   -0.0026188  0   0 
gamma_stat_nmjmeanSd0_bin_48   0.936937 +0.112449 -0.112449  0.00277315   -0.00276462  0   0 
gamma_stat_nmjmeanSd0_bin_49   1.02779 +0.128208 -0.128208  0.00248553   -0.00248342  0   0 
gamma_stat_nmjmeanSd0_bin_5   0.990304 +0.0660446 -0.0660446  0.000302966   -0.000307362  0   0 
gamma_stat_nmjmeanSd0_bin_50   1.01959 +0.118158 -0.118158  0.00181336   -0.00181698  0   0 
gamma_stat_nmjmeanSd0_bin_51   0.969341 +0.134687 -0.134687  0.00179513   -0.00179758  0   0 
gamma_stat_nmjmeanSd0_bin_52   0.973305 +0.129756 -0.129756  0.0029902   -0.00298193  0   0 
gamma_stat_nmjmeanSd0_bin_53   0.979187 +0.114217 -0.114217  0.0017336   -0.00173798  0   0 
gamma_stat_nmjmeanSd0_bin_54   1.05456 +0.12471 -0.12471  0.00117521   -0.001181  0   0 
gamma_stat_nmjmeanSd0_bin_55   1.00335 +0.127638 -0.127638  0.00141964   -0.00142524  0   0 
gamma_stat_nmjmeanSd0_bin_56   1.00097 +0.201223 -0.201223  0.00185077   -0.00185276  0   0 
gamma_stat_nmjmeanSd0_bin_57   1.02625 +0.145546 -0.145546  0.00121105   -0.00121777  0   0 
gamma_stat_nmjmeanSd0_bin_58   0.842938 +0.28536 -0.28536  0.000690061   -0.000697474  0   0 
gamma_stat_nmjmeanSd0_bin_6   1.01884 +0.0675533 -0.0675533  0.000555784   -0.000572845  0   0 
gamma_stat_nmjmeanSd0_bin_7   1.01373 +0.0556932 -0.0556932  0.00111887   -0.00112923  0   0 
gamma_stat_nmjmeanSd0_bin_8   1.02706 +0.0545403 -0.0545403  0.000916728   -0.000932686  0   0 
gamma_stat_nmjmeanSd0_bin_9   0.98943 +0.0442588 -0.0442588  0.00130241   -0.00130177  0   0 
