BB   0.647863 +0.059729 -0.059729  -0.0976239   0.117439  0   0 
BL   0.849739 +0.0390528 -0.0390528  0.0478677   -0.0438071  0   0 
CC   1.4356 +0.223425 -0.223425  0.0728043   -0.0660123  0   0 
CL   0.99258 +0.0840153 -0.0840153  -0.0391201   0.0411074  0   0 
LL   0.817507 +0.0175269 -0.0175269  -0.00995342   0.0161122  0   0 
gamma_stat_mjmeanSd0_2TAG_bin_0   1.00731 +0.100627 -0.100627  -9.57972e-05   0.000100694  0   0 
gamma_stat_mjmeanSd0_2TAG_bin_1   0.996232 +0.0690392 -0.0690392  -8.05414e-05   8.46853e-05  0   0 
gamma_stat_mjmeanSd0_2TAG_bin_10   0.998572 +0.0381866 -0.0381866  -0.00148439   0.00146657  0   0 
gamma_stat_mjmeanSd0_2TAG_bin_11   1.01024 +0.0346489 -0.0346489  -0.00185098   0.00185718  0   0 
gamma_stat_mjmeanSd0_2TAG_bin_12   1.02955 +0.0278479 -0.0278479  -0.00245723   0.0019315  0   0 
gamma_stat_mjmeanSd0_2TAG_bin_13   1.01226 +0.0239673 -0.0239673  -0.00301126   0.0031  0   0 
gamma_stat_mjmeanSd0_2TAG_bin_14   1.00797 +0.0223168 -0.0223168  -0.00257512   0.00257783  0   0 
gamma_stat_mjmeanSd0_2TAG_bin_15   0.99527 +0.0231676 -0.0231676  -0.00274534   0.00269019  0   0 
gamma_stat_mjmeanSd0_2TAG_bin_16   1.00489 +0.0245501 -0.0245501  -0.002059   0.00201728  0   0 
gamma_stat_mjmeanSd0_2TAG_bin_17   0.996083 +0.0282318 -0.0282318  -0.00194528   0.00189008  0   0 
gamma_stat_mjmeanSd0_2TAG_bin_18   0.996541 +0.026025 -0.026025  -0.00165275   0.00161665  0   0 
gamma_stat_mjmeanSd0_2TAG_bin_19   0.992361 +0.0285268 -0.0285268  -0.00179184   0.00174613  0   0 
gamma_stat_mjmeanSd0_2TAG_bin_2   1.00617 +0.101589 -0.101589  -0.000351135   0.000354585  0   0 
gamma_stat_mjmeanSd0_2TAG_bin_20   1.00572 +0.0309 -0.0309  -0.00110643   0.00108571  0   0 
gamma_stat_mjmeanSd0_2TAG_bin_21   0.993194 +0.0322635 -0.0322635  -0.00067706   0.000644332  0   0 
gamma_stat_mjmeanSd0_2TAG_bin_22   1.009 +0.0349223 -0.0349223  -0.000722392   0.000712497  0   0 
gamma_stat_mjmeanSd0_2TAG_bin_23   0.987302 +0.0366827 -0.0366827  -0.000773751   0.000752146  0   0 
gamma_stat_mjmeanSd0_2TAG_bin_24   0.990266 +0.0321071 -0.0321071  -0.000510763   0.000502491  0   0 
gamma_stat_mjmeanSd0_2TAG_bin_25   0.97942 +0.0446403 -0.0446403  -0.000756531   0.000737738  0   0 
gamma_stat_mjmeanSd0_2TAG_bin_26   0.986688 +0.0451383 -0.0451383  -0.000708411   0.00070087  0   0 
gamma_stat_mjmeanSd0_2TAG_bin_27   0.995434 +0.0511997 -0.0511997  -0.000722563   0.000717659  0   0 
gamma_stat_mjmeanSd0_2TAG_bin_28   0.997829 +0.030417 -0.030417  -0.000194749   0.00019814  0   0 
gamma_stat_mjmeanSd0_2TAG_bin_29   0.999002 +0.044216 -0.044216  -4.66515e-05   5.13307e-05  0   0 
gamma_stat_mjmeanSd0_2TAG_bin_3   1.00167 +0.0877333 -0.0877333  -0.000500296   0.000502246  0   0 
gamma_stat_mjmeanSd0_2TAG_bin_4   0.993573 +0.0765335 -0.0765335  -0.000628494   0.000630631  0   0 
gamma_stat_mjmeanSd0_2TAG_bin_5   0.991368 +0.0857211 -0.0857211  -0.000573725   0.000568434  0   0 
gamma_stat_mjmeanSd0_2TAG_bin_6   0.991868 +0.0591733 -0.0591733  -0.000718103   0.000717954  0   0 
gamma_stat_mjmeanSd0_2TAG_bin_7   1.01436 +0.0579751 -0.0579751  -0.000419567   0.000425029  0   0 
gamma_stat_mjmeanSd0_2TAG_bin_8   1.00292 +0.0510186 -0.0510186  -0.00102903   0.00102775  0   0 
gamma_stat_mjmeanSd0_2TAG_bin_9   0.998851 +0.0440486 -0.0440486  -0.00137796   0.00136679  0   0 
gamma_stat_mjmeanSd0_bin_0   1.01538 +0.0933729 -0.0933729  0.000213879   -0.000207749  0   0 
gamma_stat_mjmeanSd0_bin_1   1.02511 +0.090574 -0.090574  -0.00055377   0.000560034  0   0 
gamma_stat_mjmeanSd0_bin_10   0.919029 +0.0561784 -0.0561784  0.000628121   -0.00149318  0   0 
gamma_stat_mjmeanSd0_bin_11   0.996953 +0.0338322 -0.0338322  -0.0012112   0.00122313  0   0 
gamma_stat_mjmeanSd0_bin_12   1.00478 +0.0298072 -0.0298072  -0.000628092   0.000644879  0   0 
gamma_stat_mjmeanSd0_bin_13   0.993764 +0.0250329 -0.0250329  -0.000867524   0.000870389  0   0 
gamma_stat_mjmeanSd0_bin_14   0.99848 +0.0232927 -0.0232927  -0.000340915   0.000348735  0   0 
gamma_stat_mjmeanSd0_bin_15   0.998166 +0.0199868 -0.0199868  0.000379124   -0.00113  0   0 
gamma_stat_mjmeanSd0_bin_2   0.993365 +0.101595 -0.101595  0.000773893   -0.000772245  0   0 
gamma_stat_mjmeanSd0_bin_28   1.01002 +0.0192468 -0.0192468  0.00183527   -0.00184803  0   0 
gamma_stat_mjmeanSd0_bin_29   0.998773 +0.0213257 -0.0213257  0.00195965   -0.00199977  0   0 
gamma_stat_mjmeanSd0_bin_3   1.03147 +0.0922088 -0.0922088  0.000770433   -0.00076596  0   0 
gamma_stat_mjmeanSd0_bin_30   1.00494 +0.0228954 -0.0228954  0.00321395   -0.00324339  0   0 
gamma_stat_mjmeanSd0_bin_31   0.985425 +0.0254802 -0.0254802  0.00268488   -0.00269878  0   0 
gamma_stat_mjmeanSd0_bin_32   0.993212 +0.0262272 -0.0262272  0.0018909   -0.00191561  0   0 
gamma_stat_mjmeanSd0_bin_33   0.983655 +0.031983 -0.031983  0.00166092   -0.00169452  0   0 
gamma_stat_mjmeanSd0_bin_34   1.00288 +0.0354153 -0.0354153  0.002143   -0.0021884  0   0 
gamma_stat_mjmeanSd0_bin_35   1.00251 +0.0326769 -0.0326769  0.000726498   -0.000758568  0   0 
gamma_stat_mjmeanSd0_bin_36   0.989079 +0.0403045 -0.0403045  0.00188528   -0.00190827  0   0 
gamma_stat_mjmeanSd0_bin_37   0.9951 +0.0383776 -0.0383776  0.00123248   -0.00125007  0   0 
gamma_stat_mjmeanSd0_bin_38   0.988087 +0.0415883 -0.0415883  0.000901823   -0.000916235  0   0 
gamma_stat_mjmeanSd0_bin_39   0.977758 +0.0492168 -0.0492168  0.00150959   -0.00152071  0   0 
gamma_stat_mjmeanSd0_bin_4   0.979339 +0.0838911 -0.0838911  -1.13323e-05   5.50191e-06  0   0 
gamma_stat_mjmeanSd0_bin_40   0.994096 +0.0438659 -0.0438659  0.00105672   -0.00106513  0   0 
gamma_stat_mjmeanSd0_bin_41   0.998268 +0.0651642 -0.0651642  0.00121476   -0.00123347  0   0 
gamma_stat_mjmeanSd0_bin_42   1.01295 +0.0633715 -0.0633715  0.001547   -0.00155611  0   0 
gamma_stat_mjmeanSd0_bin_43   0.996812 +0.0677415 -0.0677415  0.00224727   -0.00224713  0   0 
gamma_stat_mjmeanSd0_bin_44   1.00607 +0.0691675 -0.0691675  0.000275868   -0.000283656  0   0 
gamma_stat_mjmeanSd0_bin_45   0.940775 +0.1044 -0.1044  0.00141973   -0.00142051  0   0 
gamma_stat_mjmeanSd0_bin_46   0.970172 +0.0788913 -0.0788913  0.000946211   -0.000941857  0   0 
gamma_stat_mjmeanSd0_bin_47   1.00415 +0.08176 -0.08176  0.000607327   -0.000606007  0   0 
gamma_stat_mjmeanSd0_bin_48   1.0102 +0.104964 -0.104964  0.000437315   -0.000437753  0   0 
gamma_stat_mjmeanSd0_bin_49   0.991891 +0.109341 -0.109341  0.0016271   -0.0016182  0   0 
gamma_stat_mjmeanSd0_bin_5   0.987045 +0.0698982 -0.0698982  0.000651371   -0.000650691  0   0 
gamma_stat_mjmeanSd0_bin_50   0.997269 +0.065148 -0.065148  0.000236968   -0.00023327  0   0 
gamma_stat_mjmeanSd0_bin_51   1.04275 +0.125343 -0.125343  0.000826044   -0.000820333  0   0 
gamma_stat_mjmeanSd0_bin_52   0.985316 +0.134481 -0.134481  1.00646e-05   -5.9638e-06  0   0 
gamma_stat_mjmeanSd0_bin_6   1.00765 +0.0558237 -0.0558237  2.54488e-05   -2.64933e-05  0   0 
gamma_stat_mjmeanSd0_bin_7   0.98819 +0.0550129 -0.0550129  -0.000273453   0.000268107  0   0 
gamma_stat_mjmeanSd0_bin_8   1.01508 +0.0432152 -0.0432152  -0.000915221   0.000923268  0   0 
gamma_stat_mjmeanSd0_bin_9   1.00638 +0.0430072 -0.0430072  -0.000797158   0.000806186  0   0 
gamma_stat_nmjmeanSd0_2TAG_bin_0   1.00052 +0.105176 -0.105176  2.24643e-05   -1.77631e-05  0   0 
gamma_stat_nmjmeanSd0_2TAG_bin_1   0.986608 +0.0880443 -0.0880443  -2.56995e-05   3.0249e-05  0   0 
gamma_stat_nmjmeanSd0_2TAG_bin_11   1.0025 +0.0199773 -0.0199773  -0.00414812   0.00407551  0   0 
gamma_stat_nmjmeanSd0_2TAG_bin_12   1.00422 +0.0225415 -0.0225415  -0.00188075   0.00178262  0   0 
gamma_stat_nmjmeanSd0_2TAG_bin_13   0.999251 +0.0234927 -0.0234927  -0.00107017   0.00100248  0   0 
gamma_stat_nmjmeanSd0_2TAG_bin_14   0.999558 +0.0293876 -0.0293876  -0.0011805   0.00109696  0   0 
gamma_stat_nmjmeanSd0_2TAG_bin_15   0.993663 +0.0312806 -0.0312806  -0.000441891   0.000357046  0   0 
gamma_stat_nmjmeanSd0_2TAG_bin_16   0.995854 +0.033017 -0.033017  -0.000761448   0.000711003  0   0 
gamma_stat_nmjmeanSd0_2TAG_bin_17   1.00265 +0.0326304 -0.0326304  -0.000509174   0.000476985  0   0 
gamma_stat_nmjmeanSd0_2TAG_bin_18   0.972649 +0.0394482 -0.0394482  -0.000174409   0.000116786  0   0 
gamma_stat_nmjmeanSd0_2TAG_bin_19   0.99305 +0.0394564 -0.0394564  0.000110576   -0.000140046  0   0 
gamma_stat_nmjmeanSd0_2TAG_bin_2   1.005 +0.0690161 -0.0690161  7.45269e-05   -7.0077e-05  0   0 
gamma_stat_nmjmeanSd0_2TAG_bin_20   0.985265 +0.0455997 -0.0455997  6.48898e-05   -0.000108087  0   0 
gamma_stat_nmjmeanSd0_2TAG_bin_21   0.972806 +0.0554926 -0.0554926  -0.00114697   -0.000178485  0   0 
gamma_stat_nmjmeanSd0_2TAG_bin_22   0.980337 +0.0535977 -0.0535977  -0.000206555   0.000184491  0   0 
gamma_stat_nmjmeanSd0_2TAG_bin_23   0.97336 +0.0609431 -0.0609431  8.18637e-05   -0.000105605  0   0 
gamma_stat_nmjmeanSd0_2TAG_bin_24   0.984268 +0.0726487 -0.0726487  0.000371736   -0.000387464  0   0 
gamma_stat_nmjmeanSd0_2TAG_bin_25   0.998699 +0.0512841 -0.0512841  8.51104e-05   -8.62928e-05  0   0 
gamma_stat_nmjmeanSd0_2TAG_bin_26   0.981068 +0.0658594 -0.0658594  9.46727e-05   -9.86611e-05  0   0 
gamma_stat_nmjmeanSd0_2TAG_bin_27   0.994358 +0.0710522 -0.0710522  8.34153e-05   -8.68098e-05  0   0 
gamma_stat_nmjmeanSd0_2TAG_bin_28   0.985997 +0.0816765 -0.0816765  0.000125571   -0.000124236  0   0 
gamma_stat_nmjmeanSd0_2TAG_bin_29   0.995977 +0.0512353 -0.0512353  4.29562e-05   -3.93424e-05  0   0 
gamma_stat_nmjmeanSd0_2TAG_bin_3   1.03385 +0.126132 -0.126132  -0.000507375   0.000514659  0   0 
gamma_stat_nmjmeanSd0_2TAG_bin_30   0.98557 +0.0962193 -0.0962193  -4.88361e-05   5.24506e-05  0   0 
gamma_stat_nmjmeanSd0_2TAG_bin_31   0.998352 +0.0636639 -0.0636639  1.99724e-05   -1.52692e-05  0   0 
gamma_stat_nmjmeanSd0_2TAG_bin_4   1.01329 +0.0764311 -0.0764311  -0.000276771   0.00028031  0   0 
gamma_stat_nmjmeanSd0_2TAG_bin_5   1.00212 +0.0662859 -0.0662859  -0.00103978   0.00103861  0   0 
gamma_stat_nmjmeanSd0_2TAG_bin_6   1.00386 +0.0549236 -0.0549236  -0.000859755   0.000861195  0   0 
gamma_stat_nmjmeanSd0_2TAG_bin_7   1.01552 +0.0491121 -0.0491121  -0.0010673   0.00107929  0   0 
gamma_stat_nmjmeanSd0_2TAG_bin_8   1.00571 +0.03623 -0.03623  -0.00135897   0.0013458  0   0 
gamma_stat_nmjmeanSd0_2TAG_bin_9   1.00566 +0.0207153 -0.0207153  -0.00444356   0.00447484  0   0 
gamma_stat_nmjmeanSd0_bin_0   0.892999 +0.193725 -0.193725  0.000842889   -0.000831082  0   0 
gamma_stat_nmjmeanSd0_bin_1   1.01861 +0.22567 -0.22567  0.000953713   -0.000947217  0   0 
gamma_stat_nmjmeanSd0_bin_10   1.0221 +0.0762212 -0.0762212  0.00219177   -0.00217136  0   0 
gamma_stat_nmjmeanSd0_bin_11   1.03294 +0.0734485 -0.0734485  0.00236463   -0.00234582  0   0 
gamma_stat_nmjmeanSd0_bin_12   1.0405 +0.0677956 -0.0677956  0.000864417   -0.00087019  0   0 
gamma_stat_nmjmeanSd0_bin_13   0.97669 +0.0509652 -0.0509652  0.00107965   -0.00107372  0   0 
gamma_stat_nmjmeanSd0_bin_14   0.994068 +0.0440452 -0.0440452  -0.00128296   0.00130123  0   0 
gamma_stat_nmjmeanSd0_bin_15   1.00825 +0.0357271 -0.0357271  -0.00103327   0.00106839  0   0 
gamma_stat_nmjmeanSd0_bin_16   0.998414 +0.0278119 -0.0278119  -0.00160134   0.0016383  0   0 
gamma_stat_nmjmeanSd0_bin_17   0.990101 +0.021212 -0.021212  -0.00242663   0.00247845  0   0 
gamma_stat_nmjmeanSd0_bin_2   1.00792 +0.208581 -0.208581  0.000634582   -0.00062834  0   0 
gamma_stat_nmjmeanSd0_bin_23   0.999078 +0.0200616 -0.0200616  0.00683755   -0.0068506  0   0 
gamma_stat_nmjmeanSd0_bin_24   1.00827 +0.0233099 -0.0233099  0.00846073   -0.00844031  0   0 
gamma_stat_nmjmeanSd0_bin_25   1.01212 +0.0269173 -0.0269173  0.00976571   -0.00965567  0   0 
gamma_stat_nmjmeanSd0_bin_26   1.01095 +0.029508 -0.029508  0.00959115   -0.00940873  0   0 
gamma_stat_nmjmeanSd0_bin_27   0.998685 +0.0331617 -0.0331617  0.0101676   -0.00999185  0   0 
gamma_stat_nmjmeanSd0_bin_28   0.979322 +0.0389381 -0.0389381  0.0127007   -0.0121354  0   0 
gamma_stat_nmjmeanSd0_bin_29   0.973529 +0.0446667 -0.0446667  0.0103044   -0.00993741  0   0 
gamma_stat_nmjmeanSd0_bin_3   1.10728 +0.161355 -0.161355  0.000275955   -0.000289973  0   0 
gamma_stat_nmjmeanSd0_bin_30   1.00736 +0.0389875 -0.0389875  0.0112574   -0.0109731  0   0 
gamma_stat_nmjmeanSd0_bin_31   1.00263 +0.0437666 -0.0437666  0.00982371   -0.0095945  0   0 
gamma_stat_nmjmeanSd0_bin_32   1.0162 +0.0454042 -0.0454042  0.0101701   -0.00995036  0   0 
gamma_stat_nmjmeanSd0_bin_33   0.963014 +0.0553267 -0.0553267  0.00768743   -0.00734479  0   0 
gamma_stat_nmjmeanSd0_bin_34   1.01138 +0.0596451 -0.0596451  0.00866431   -0.00850099  0   0 
gamma_stat_nmjmeanSd0_bin_35   1.0065 +0.0659135 -0.0659135  0.00706241   -0.0069455  0   0 
gamma_stat_nmjmeanSd0_bin_36   0.998319 +0.0686805 -0.0686805  0.00868941   -0.00849757  0   0 
gamma_stat_nmjmeanSd0_bin_37   1.0112 +0.0758294 -0.0758294  0.00720232   -0.00708703  0   0 
gamma_stat_nmjmeanSd0_bin_38   0.976897 +0.0797131 -0.0797131  0.00687703   -0.00677254  0   0 
gamma_stat_nmjmeanSd0_bin_39   1.01607 +0.0848283 -0.0848283  0.00516373   -0.00510271  0   0 
gamma_stat_nmjmeanSd0_bin_4   0.896461 +0.135575 -0.135575  0.00218564   -0.00216794  0   0 
gamma_stat_nmjmeanSd0_bin_40   0.98724 +0.0837773 -0.0837773  0.00761194   -0.00746073  0   0 
gamma_stat_nmjmeanSd0_bin_41   1.03483 +0.0982425 -0.0982425  0.00616202   -0.00607269  0   0 
gamma_stat_nmjmeanSd0_bin_42   1.02617 +0.0752079 -0.0752079  0.00452055   -0.00447012  0   0 
gamma_stat_nmjmeanSd0_bin_43   1.03538 +0.0964042 -0.0964042  0.00334661   -0.00331213  0   0 
gamma_stat_nmjmeanSd0_bin_44   1.00842 +0.103479 -0.103479  0.00474289   -0.00468686  0   0 
gamma_stat_nmjmeanSd0_bin_45   1.00969 +0.122149 -0.122149  0.00362589   -0.00359181  0   0 
gamma_stat_nmjmeanSd0_bin_46   0.960967 +0.109148 -0.109148  0.00438972   -0.00433959  0   0 
gamma_stat_nmjmeanSd0_bin_47   1.09413 +0.169848 -0.169848  0.00413922   -0.00410208  0   0 
gamma_stat_nmjmeanSd0_bin_48   0.838803 +0.217136 -0.217136  0.00569056   -0.00537273  0   0 
gamma_stat_nmjmeanSd0_bin_49   1.2837 +0.293749 -0.293749  0.00202909   -0.00120407  0   0 
gamma_stat_nmjmeanSd0_bin_5   1.06396 +0.126557 -0.126557  0.00164293   -0.00165282  0   0 
gamma_stat_nmjmeanSd0_bin_50   1.03349 +0.121745 -0.121745  0.00234363   -0.0023246  0   0 
gamma_stat_nmjmeanSd0_bin_51   1.05123 +0.281831 -0.281831  0.00381354   -0.00377608  0   0 
gamma_stat_nmjmeanSd0_bin_52   1.00165 +0.164295 -0.164295  0.00184055   -0.00182778  0   0 
gamma_stat_nmjmeanSd0_bin_53   1.03931 +0.227153 -0.227153  0.00263855   -0.00261865  0   0 
gamma_stat_nmjmeanSd0_bin_54   1.01107 +0.150694 -0.150694  0.000873291   -0.000866825  0   0 
gamma_stat_nmjmeanSd0_bin_6   1.07642 +0.116341 -0.116341  0.00190345   -0.00189188  0   0 
gamma_stat_nmjmeanSd0_bin_7   1.01656 +0.110517 -0.110517  0.00263535   -0.00261369  0   0 
gamma_stat_nmjmeanSd0_bin_8   0.976068 +0.108141 -0.108141  0.000774376   -0.000767421  0   0 
gamma_stat_nmjmeanSd0_bin_9   0.993758 +0.0789219 -0.0789219  0.00214898   -0.00213479  0   0 
