BB   0.636175 +0.0228029 -0.0228029  -0.0316036   0.0338116  0   0 
BL   0.626159 +0.0196408 -0.0196408  0.0150402   -0.0154479  0   0 
CC   1.08336 +0.0817419 -0.0817419  0.0211028   -0.0203656  0   0 
CL   0.896572 +0.0499097 -0.0499097  -0.013258   0.0134638  0   0 
LL   0.727716 +0.00975039 -0.00975039  -0.00217808   0.00206939  0   0 
gamma_stat_mjmeanSd0_2TAG_bin_0   0.998882 +0.0932406 -0.0932406  -2.0793e-05   3.02501e-05  0   0 
gamma_stat_mjmeanSd0_2TAG_bin_1   1.00751 +0.0840537 -0.0840537  -1.05182e-05   1.97205e-05  0   0 
gamma_stat_mjmeanSd0_2TAG_bin_10   0.995156 +0.0440498 -0.0440498  -0.000128101   0.000140817  0   0 
gamma_stat_mjmeanSd0_2TAG_bin_11   0.997499 +0.031902 -0.031902  -0.000151685   0.000162969  0   0 
gamma_stat_mjmeanSd0_2TAG_bin_12   0.998649 +0.0280912 -0.0280912  -0.000169512   0.000181902  0   0 
gamma_stat_mjmeanSd0_2TAG_bin_13   1.00287 +0.0254087 -0.0254087  -0.000250525   0.000257423  0   0 
gamma_stat_mjmeanSd0_2TAG_bin_14   1.0055 +0.0219445 -0.0219445  -0.000255834   0.000259378  0   0 
gamma_stat_mjmeanSd0_2TAG_bin_15   1.00104 +0.019906 -0.019906  -0.000321707   0.000329578  0   0 
gamma_stat_mjmeanSd0_2TAG_bin_2   0.982806 +0.0772705 -0.0772705  -4.05618e-05   5.35694e-05  0   0 
gamma_stat_mjmeanSd0_2TAG_bin_3   1.00038 +0.0879423 -0.0879423  -2.18102e-05   3.12673e-05  0   0 
gamma_stat_mjmeanSd0_2TAG_bin_32   0.994237 +0.0199832 -0.0199832  -0.00021036   0.000233729  0   0 
gamma_stat_mjmeanSd0_2TAG_bin_33   0.995407 +0.0221437 -0.0221437  -0.00019097   0.000214152  0   0 
gamma_stat_mjmeanSd0_2TAG_bin_34   0.987169 +0.0233673 -0.0233673  -0.000227495   0.000185341  0   0 
gamma_stat_mjmeanSd0_2TAG_bin_35   0.994082 +0.0242837 -0.0242837  -0.000167193   0.000190641  0   0 
gamma_stat_mjmeanSd0_2TAG_bin_36   0.99334 +0.0259592 -0.0259592  -0.000180499   0.000202914  0   0 
gamma_stat_mjmeanSd0_2TAG_bin_37   0.98549 +0.0279627 -0.0279627  -0.000160377   0.000142593  0   0 
gamma_stat_mjmeanSd0_2TAG_bin_38   0.989075 +0.0291824 -0.0291824  -0.000105527   0.000124197  0   0 
gamma_stat_mjmeanSd0_2TAG_bin_39   0.999417 +0.0274637 -0.0274637  -8.90223e-05   0.000100386  0   0 
gamma_stat_mjmeanSd0_2TAG_bin_4   0.994525 +0.0673446 -0.0673446  -4.02273e-05   5.08082e-05  0   0 
gamma_stat_mjmeanSd0_2TAG_bin_40   0.99231 +0.0348695 -0.0348695  -0.00012092   0.000140139  0   0 
gamma_stat_mjmeanSd0_2TAG_bin_41   0.996578 +0.0372285 -0.0372285  -9.10503e-05   0.000104901  0   0 
gamma_stat_mjmeanSd0_2TAG_bin_42   0.995633 +0.0312417 -0.0312417  -8.07445e-05   9.4271e-05  0   0 
gamma_stat_mjmeanSd0_2TAG_bin_43   1.00048 +0.040076 -0.040076  -7.91963e-05   8.92271e-05  0   0 
gamma_stat_mjmeanSd0_2TAG_bin_44   0.994369 +0.0453 -0.0453  -7.72963e-05   9.06142e-05  0   0 
gamma_stat_mjmeanSd0_2TAG_bin_45   0.988708 +0.0427125 -0.0427125  -6.67493e-05   8.30799e-05  0   0 
gamma_stat_mjmeanSd0_2TAG_bin_46   0.994144 +0.0451596 -0.0451596  -5.21353e-05   6.43848e-05  0   0 
gamma_stat_mjmeanSd0_2TAG_bin_47   0.998589 +0.027588 -0.027588  -1.59425e-05   2.5614e-05  0   0 
gamma_stat_mjmeanSd0_2TAG_bin_48   1.00347 +0.0707268 -0.0707268  -2.12442e-05   3.0428e-05  0   0 
gamma_stat_mjmeanSd0_2TAG_bin_5   0.991662 +0.0577724 -0.0577724  -8.5253e-05   9.70235e-05  0   0 
gamma_stat_mjmeanSd0_2TAG_bin_6   1.0147 +0.0585156 -0.0585156  -6.24526e-05   7.12625e-05  0   0 
gamma_stat_mjmeanSd0_2TAG_bin_7   0.998029 +0.0473942 -0.0473942  -6.16441e-05   7.21321e-05  0   0 
gamma_stat_mjmeanSd0_2TAG_bin_8   0.994686 +0.0442218 -0.0442218  -7.24774e-05   8.49643e-05  0   0 
gamma_stat_mjmeanSd0_2TAG_bin_9   0.99828 +0.0427724 -0.0427724  -0.000196575   0.000207465  0   0 
gamma_stat_mjmeanSd0_bin_0   1.0041 +0.0612039 -0.0612039  2.53094e-05   -1.57015e-05  0   0 
gamma_stat_mjmeanSd0_bin_1   1.00695 +0.0625966 -0.0625966  7.27477e-05   -6.29357e-05  0   0 
gamma_stat_mjmeanSd0_bin_10   0.998411 +0.0246587 -0.0246587  0.000228895   -0.000219615  0   0 
gamma_stat_mjmeanSd0_bin_11   1.00676 +0.0210259 -0.0210259  8.78365e-05   -7.29523e-05  0   0 
gamma_stat_mjmeanSd0_bin_12   0.991438 +0.0219644 -0.0219644  -6.36638e-06   2.41322e-06  0   0 
gamma_stat_mjmeanSd0_bin_2   0.996962 +0.0649379 -0.0649379  9.08618e-06   1.03983e-06  0   0 
gamma_stat_mjmeanSd0_bin_3   0.976841 +0.0758962 -0.0758962  7.76843e-05   -6.75558e-05  0   0 
gamma_stat_mjmeanSd0_bin_4   1.00492 +0.0585711 -0.0585711  0.000102368   -9.22476e-05  0   0 
gamma_stat_mjmeanSd0_bin_40   0.985615 +0.0249893 -0.0249893  0.000334265   -0.000545506  0   0 
gamma_stat_mjmeanSd0_bin_41   1.00404 +0.0215685 -0.0215685  0.000399095   -0.000386364  0   0 
gamma_stat_mjmeanSd0_bin_42   0.995797 +0.0236249 -0.0236249  0.000346006   -0.000338382  0   0 
gamma_stat_mjmeanSd0_bin_43   0.997133 +0.0250145 -0.0250145  0.000347222   -0.000335963  0   0 
gamma_stat_mjmeanSd0_bin_44   1.00298 +0.0243757 -0.0243757  0.000208632   -0.000197177  0   0 
gamma_stat_mjmeanSd0_bin_45   0.999611 +0.0307107 -0.0307107  0.000263218   -0.000249645  0   0 
gamma_stat_mjmeanSd0_bin_46   1.00382 +0.0274815 -0.0274815  0.000306791   -0.000295848  0   0 
gamma_stat_mjmeanSd0_bin_47   0.99589 +0.028419 -0.028419  0.000218992   -0.000206633  0   0 
gamma_stat_mjmeanSd0_bin_48   0.991947 +0.0330831 -0.0330831  0.000293131   -0.000283161  0   0 
gamma_stat_mjmeanSd0_bin_49   0.991788 +0.0362983 -0.0362983  0.000232142   -0.000221457  0   0 
gamma_stat_mjmeanSd0_bin_5   1.00236 +0.0456676 -0.0456676  0.000125994   -0.000116074  0   0 
gamma_stat_mjmeanSd0_bin_50   0.993313 +0.0382534 -0.0382534  0.000256646   -0.000244389  0   0 
gamma_stat_mjmeanSd0_bin_51   0.988776 +0.0390855 -0.0390855  0.000213341   -0.000203588  0   0 
gamma_stat_mjmeanSd0_bin_52   1.01139 +0.0568704 -0.0568704  0.000140426   -0.00013044  0   0 
gamma_stat_mjmeanSd0_bin_53   1.00238 +0.043839 -0.043839  0.000157584   -0.000147522  0   0 
gamma_stat_mjmeanSd0_bin_54   0.996449 +0.046373 -0.046373  0.000129385   -0.000118443  0   0 
gamma_stat_mjmeanSd0_bin_55   1.00296 +0.0522243 -0.0522243  0.000131119   -0.000121496  0   0 
gamma_stat_mjmeanSd0_bin_56   0.997538 +0.0510204 -0.0510204  0.000121716   -0.000111144  0   0 
gamma_stat_mjmeanSd0_bin_57   0.983264 +0.0574338 -0.0574338  9.64437e-05   -8.55259e-05  0   0 
gamma_stat_mjmeanSd0_bin_58   1.00335 +0.0642465 -0.0642465  0.000105602   -9.59997e-05  0   0 
gamma_stat_mjmeanSd0_bin_59   0.989804 +0.0695665 -0.0695665  0.00016415   -0.000152632  0   0 
gamma_stat_mjmeanSd0_bin_6   0.999732 +0.0395789 -0.0395789  1.61039e-05   -5.92673e-06  0   0 
gamma_stat_mjmeanSd0_bin_7   0.997637 +0.0344873 -0.0344873  2.75313e-05   -1.70523e-05  0   0 
gamma_stat_mjmeanSd0_bin_8   1.01449 +0.0324596 -0.0324596  0.000157766   -0.000143653  0   0 
gamma_stat_mjmeanSd0_bin_9   1.00765 +0.0269201 -0.0269201  3.02092e-05   -1.81372e-05  0   0 
gamma_stat_nmjmeanSd0_2TAG_bin_0   0.995051 +0.152603 -0.152603  1.80718e-06   7.64513e-06  0   0 
gamma_stat_nmjmeanSd0_2TAG_bin_1   0.998253 +0.136796 -0.136796  -3.50746e-06   1.28816e-05  0   0 
gamma_stat_nmjmeanSd0_2TAG_bin_10   1.0021 +0.0482757 -0.0482757  -0.000101439   0.000110564  0   0 
gamma_stat_nmjmeanSd0_2TAG_bin_11   1.00853 +0.0366155 -0.0366155  -0.000151215   0.000158257  0   0 
gamma_stat_nmjmeanSd0_2TAG_bin_12   1.01263 +0.0348409 -0.0348409  -0.000102477   0.000109302  0   0 
gamma_stat_nmjmeanSd0_2TAG_bin_13   0.9997 +0.0271969 -0.0271969  -0.00020756   0.000217299  0   0 
gamma_stat_nmjmeanSd0_2TAG_bin_14   1.00822 +0.0217167 -0.0217167  -0.000314885   0.000319191  0   0 
gamma_stat_nmjmeanSd0_2TAG_bin_2   0.992381 +0.0843181 -0.0843181  -9.9285e-06   1.97863e-05  0   0 
gamma_stat_nmjmeanSd0_2TAG_bin_28   0.992229 +0.0273016 -0.0273016  -7.84587e-05   0.000104856  0   0 
gamma_stat_nmjmeanSd0_2TAG_bin_29   0.994581 +0.0216159 -0.0216159  -4.60724e-05   7.24747e-05  0   0 
gamma_stat_nmjmeanSd0_2TAG_bin_3   1.00097 +0.110537 -0.110537  -2.53708e-05   3.46915e-05  0   0 
gamma_stat_nmjmeanSd0_2TAG_bin_30   0.996404 +0.0245819 -0.0245819  -5.46458e-05   7.37744e-05  0   0 
gamma_stat_nmjmeanSd0_2TAG_bin_31   0.994517 +0.0272531 -0.0272531  -1.85473e-05   4.03569e-05  0   0 
gamma_stat_nmjmeanSd0_2TAG_bin_32   0.991933 +0.0293749 -0.0293749  -4.02053e-06   3.02588e-05  0   0 
gamma_stat_nmjmeanSd0_2TAG_bin_33   0.98626 +0.0333021 -0.0333021  -5.30765e-05   7.26852e-05  0   0 
gamma_stat_nmjmeanSd0_2TAG_bin_34   0.98447 +0.0355447 -0.0355447  -3.70245e-05   5.14078e-05  0   0 
gamma_stat_nmjmeanSd0_2TAG_bin_35   0.987069 +0.0402815 -0.0402815  -1.76023e-05   4.16436e-05  0   0 
gamma_stat_nmjmeanSd0_2TAG_bin_36   0.991143 +0.0414533 -0.0414533  -1.37294e-05   3.23996e-05  0   0 
gamma_stat_nmjmeanSd0_2TAG_bin_37   1.00748 +0.0452057 -0.0452057  -1.80088e-05   2.49828e-05  0   0 
gamma_stat_nmjmeanSd0_2TAG_bin_38   0.998815 +0.0351824 -0.0351824  6.88476e-06   3.03337e-06  0   0 
gamma_stat_nmjmeanSd0_2TAG_bin_39   0.987534 +0.0580312 -0.0580312  -1.98363e-05   3.70034e-05  0   0 
gamma_stat_nmjmeanSd0_2TAG_bin_4   1.00383 +0.102699 -0.102699  -2.08964e-06   1.11587e-05  0   0 
gamma_stat_nmjmeanSd0_2TAG_bin_40   0.995394 +0.0403565 -0.0403565  1.25803e-06   9.71533e-06  0   0 
gamma_stat_nmjmeanSd0_2TAG_bin_41   1.00121 +0.0562208 -0.0562208  -2.92377e-06   1.21728e-05  0   0 
gamma_stat_nmjmeanSd0_2TAG_bin_42   0.999242 +0.0422912 -0.0422912  1.72914e-06   7.67824e-06  0   0 
gamma_stat_nmjmeanSd0_2TAG_bin_5   1.01027 +0.115143 -0.115143  -7.15645e-05   8.04651e-05  0   0 
gamma_stat_nmjmeanSd0_2TAG_bin_6   1.03711 +0.087185 -0.087185  -6.8215e-05   7.93662e-05  0   0 
gamma_stat_nmjmeanSd0_2TAG_bin_7   0.996812 +0.071084 -0.071084  -4.83823e-06   1.47024e-05  0   0 
gamma_stat_nmjmeanSd0_2TAG_bin_8   1.01778 +0.0572946 -0.0572946  -2.71848e-05   3.62471e-05  0   0 
gamma_stat_nmjmeanSd0_2TAG_bin_9   1.00466 +0.0541171 -0.0541171  -4.40619e-05   5.23324e-05  0   0 
gamma_stat_nmjmeanSd0_bin_0   1.04906 +0.131491 -0.131491  0.000112853   -0.000101908  0   0 
gamma_stat_nmjmeanSd0_bin_1   1.02893 +0.131285 -0.131285  0.00013523   -0.000124555  0   0 
gamma_stat_nmjmeanSd0_bin_10   1.03969 +0.0433166 -0.0433166  0.000376344   -0.000432264  0   0 
gamma_stat_nmjmeanSd0_bin_11   1.01569 +0.0473009 -0.0473009  0.000690287   -0.000679668  0   0 
gamma_stat_nmjmeanSd0_bin_12   1.0413 +0.0409928 -0.0409928  0.000524833   -0.000563057  0   0 
gamma_stat_nmjmeanSd0_bin_13   1.02968 +0.03675 -0.03675  0.000571069   -0.000551727  0   0 
gamma_stat_nmjmeanSd0_bin_14   1.01679 +0.0299314 -0.0299314  0.000621423   -0.000596629  0   0 
gamma_stat_nmjmeanSd0_bin_15   1.01108 +0.0232513 -0.0232513  0.000692457   -0.000687272  0   0 
gamma_stat_nmjmeanSd0_bin_2   0.975806 +0.141217 -0.141217  0.000139223   -0.000129831  0   0 
gamma_stat_nmjmeanSd0_bin_3   1.06677 +0.150982 -0.150982  0.000342957   -0.000331613  0   0 
gamma_stat_nmjmeanSd0_bin_31   0.998059 +0.0212783 -0.0212783  0.00254925   -0.00246071  0   0 
gamma_stat_nmjmeanSd0_bin_32   1.0025 +0.0202067 -0.0202067  0.00218696   -0.00218498  0   0 
gamma_stat_nmjmeanSd0_bin_33   1.00277 +0.0217955 -0.0217955  0.00198726   -0.00196846  0   0 
gamma_stat_nmjmeanSd0_bin_34   0.992242 +0.0254269 -0.0254269  0.00205823   -0.00206279  0   0 
gamma_stat_nmjmeanSd0_bin_35   0.998728 +0.031621 -0.031621  0.00215833   -0.00219389  0   0 
gamma_stat_nmjmeanSd0_bin_36   0.999894 +0.0312118 -0.0312118  0.00157175   -0.0015565  0   0 
gamma_stat_nmjmeanSd0_bin_37   0.997068 +0.0343327 -0.0343327  0.00174151   -0.00174676  0   0 
gamma_stat_nmjmeanSd0_bin_38   1.01041 +0.0391065 -0.0391065  0.00155249   -0.00154426  0   0 
gamma_stat_nmjmeanSd0_bin_39   0.999399 +0.0350818 -0.0350818  0.00130836   -0.00129173  0   0 
gamma_stat_nmjmeanSd0_bin_4   0.967989 +0.137667 -0.137667  0.000218073   -0.000208652  0   0 
gamma_stat_nmjmeanSd0_bin_40   1.02559 +0.0416541 -0.0416541  0.00124605   -0.0012373  0   0 
gamma_stat_nmjmeanSd0_bin_41   0.995924 +0.0527797 -0.0527797  0.00116707   -0.00115306  0   0 
gamma_stat_nmjmeanSd0_bin_42   1.01798 +0.0639638 -0.0639638  0.00123133   -0.00122477  0   0 
gamma_stat_nmjmeanSd0_bin_43   0.999277 +0.0581496 -0.0581496  0.00108592   -0.00107314  0   0 
gamma_stat_nmjmeanSd0_bin_44   1.00108 +0.0541856 -0.0541856  0.000808985   -0.000799081  0   0 
gamma_stat_nmjmeanSd0_bin_45   0.996391 +0.067623 -0.067623  0.000792806   -0.000781527  0   0 
gamma_stat_nmjmeanSd0_bin_46   1.00166 +0.0573908 -0.0573908  0.000569699   -0.000560435  0   0 
gamma_stat_nmjmeanSd0_bin_47   0.982691 +0.0699549 -0.0699549  0.000711809   -0.000699732  0   0 
gamma_stat_nmjmeanSd0_bin_48   1.01458 +0.0766824 -0.0766824  0.000392811   -0.000384059  0   0 
gamma_stat_nmjmeanSd0_bin_49   1.03015 +0.102506 -0.102506  0.000446724   -0.000436723  0   0 
gamma_stat_nmjmeanSd0_bin_5   1.02855 +0.116917 -0.116917  0.000389825   -0.00037931  0   0 
gamma_stat_nmjmeanSd0_bin_50   0.964045 +0.105214 -0.105214  0.000616747   -0.000608163  0   0 
gamma_stat_nmjmeanSd0_bin_51   1.02503 +0.123601 -0.123601  0.000479007   -0.000469915  0   0 
gamma_stat_nmjmeanSd0_bin_52   1.01589 +0.101237 -0.101237  0.000410195   -0.000400879  0   0 
gamma_stat_nmjmeanSd0_bin_53   0.984591 +0.108841 -0.108841  0.000195782   -0.000186093  0   0 
gamma_stat_nmjmeanSd0_bin_54   1.01276 +0.113136 -0.113136  0.000319749   -0.000310657  0   0 
gamma_stat_nmjmeanSd0_bin_55   0.999484 +0.0991991 -0.0991991  0.000227229   -0.000217981  0   0 
gamma_stat_nmjmeanSd0_bin_56   1.03474 +0.12793 -0.12793  0.000222129   -0.000211921  0   0 
gamma_stat_nmjmeanSd0_bin_57   0.975985 +0.201977 -0.201977  0.000390969   -0.000381273  0   0 
gamma_stat_nmjmeanSd0_bin_58   1.04223 +0.172237 -0.172237  0.000155177   -0.000144894  0   0 
gamma_stat_nmjmeanSd0_bin_59   1.02205 +0.140476 -0.140476  0.000127517   -0.000117634  0   0 
gamma_stat_nmjmeanSd0_bin_6   1.00793 +0.100954 -0.100954  0.000435058   -0.000425087  0   0 
gamma_stat_nmjmeanSd0_bin_7   1.03868 +0.0738872 -0.0738872  0.000382485   -0.000370057  0   0 
gamma_stat_nmjmeanSd0_bin_8   1.067 +0.0798146 -0.0798146  0.000396128   -0.000400021  0   0 
gamma_stat_nmjmeanSd0_bin_9   1.01972 +0.063175 -0.063175  0.000507398   -0.000494117  0   0 
