BB   0.745517 +0.0302747 -0.0302747  -0.0374427   0.0407712  0   0 
BL   0.786636 +0.022642 -0.022642  0.0164669   -0.0160244  0   0 
CC   1.31938 +0.121045 -0.121045  0.0266834   -0.0247936  0   0 
CL   0.911301 +0.0566603 -0.0566603  -0.0156291   0.0164789  0   0 
LL   0.785247 +0.0134131 -0.0134131  -0.00122356   0.00245126  0   0 
gamma_stat_mjmeanSd0_2TAG_bin_0   0.999463 +0.0447265 -0.0447265  -3.30598e-05   4.02897e-05  0   0 
gamma_stat_mjmeanSd0_2TAG_bin_1   0.995255 +0.0544711 -0.0544711  -0.000105737   0.000112836  0   0 
gamma_stat_mjmeanSd0_2TAG_bin_19   0.99459 +0.0195708 -0.0195708  -0.000611972   0.000616817  0   0 
gamma_stat_mjmeanSd0_2TAG_bin_2   1.00765 +0.0445374 -0.0445374  -0.000138388   0.000145838  0   0 
gamma_stat_mjmeanSd0_2TAG_bin_20   0.998204 +0.0209295 -0.0209295  -0.000539727   0.00054391  0   0 
gamma_stat_mjmeanSd0_2TAG_bin_21   0.993236 +0.0223833 -0.0223833  -0.000497488   0.000502312  0   0 
gamma_stat_mjmeanSd0_2TAG_bin_22   0.998488 +0.0227524 -0.0227524  -0.000555727   0.000561131  0   0 
gamma_stat_mjmeanSd0_2TAG_bin_23   0.997794 +0.0250837 -0.0250837  -0.000435744   0.000440444  0   0 
gamma_stat_mjmeanSd0_2TAG_bin_24   0.986514 +0.0277584 -0.0277584  -0.000395888   0.000402733  0   0 
gamma_stat_mjmeanSd0_2TAG_bin_25   0.993297 +0.0233246 -0.0233246  -0.000273526   0.000279673  0   0 
gamma_stat_mjmeanSd0_2TAG_bin_26   0.991439 +0.0233517 -0.0233517  -0.000235091   0.000241191  0   0 
gamma_stat_mjmeanSd0_2TAG_bin_27   0.99436 +0.035888 -0.035888  -0.000341412   0.000347653  0   0 
gamma_stat_mjmeanSd0_2TAG_bin_28   0.993113 +0.039919 -0.039919  -0.000303051   0.000309607  0   0 
gamma_stat_mjmeanSd0_2TAG_bin_29   0.995489 +0.0273809 -0.0273809  -0.000140808   0.000147772  0   0 
gamma_stat_mjmeanSd0_2TAG_bin_3   1.00683 +0.0414715 -0.0414715  -0.000205354   0.000213167  0   0 
gamma_stat_mjmeanSd0_2TAG_bin_4   0.990008 +0.0449318 -0.0449318  -0.00024601   0.000252667  0   0 
gamma_stat_mjmeanSd0_2TAG_bin_5   0.985639 +0.0361591 -0.0361591  -0.000394864   0.000400943  0   0 
gamma_stat_mjmeanSd0_2TAG_bin_6   1.00969 +0.0361976 -0.0361976  -0.000626257   0.000636205  0   0 
gamma_stat_mjmeanSd0_2TAG_bin_7   1.01001 +0.0284333 -0.0284333  -0.000426617   0.000435118  0   0 
gamma_stat_mjmeanSd0_2TAG_bin_8   1.01204 +0.0250175 -0.0250175  -0.000499205   0.000507363  0   0 
gamma_stat_mjmeanSd0_bin_0   1.01333 +0.115441 -0.115441  -6.06907e-05   6.8109e-05  0   0 
gamma_stat_mjmeanSd0_bin_1   1.00661 +0.0752352 -0.0752352  0.00012105   -0.000113804  0   0 
gamma_stat_mjmeanSd0_bin_10   1.00353 +0.031938 -0.031938  2.32826e-05   -1.60117e-05  0   0 
gamma_stat_mjmeanSd0_bin_11   1.0068 +0.0264969 -0.0264969  7.14053e-05   -6.48308e-05  0   0 
gamma_stat_mjmeanSd0_bin_12   1.01565 +0.0220896 -0.0220896  -0.000303112   0.000323476  0   0 
gamma_stat_mjmeanSd0_bin_13   0.998467 +0.0201654 -0.0201654  -0.000163175   0.000170304  0   0 
gamma_stat_mjmeanSd0_bin_14   0.996609 +0.0188255 -0.0188255  -0.000248939   0.000256679  0   0 
gamma_stat_mjmeanSd0_bin_2   1.02729 +0.11372 -0.11372  8.66665e-05   -7.92966e-05  0   0 
gamma_stat_mjmeanSd0_bin_3   1.02193 +0.0660951 -0.0660951  6.71283e-05   -5.91801e-05  0   0 
gamma_stat_mjmeanSd0_bin_33   0.994464 +0.0204651 -0.0204651  0.0011758   -0.00116328  0   0 
gamma_stat_mjmeanSd0_bin_36   0.992698 +0.0192943 -0.0192943  0.000746342   -0.000737889  0   0 
gamma_stat_mjmeanSd0_bin_37   0.985713 +0.021557 -0.021557  0.00088787   -0.000884623  0   0 
gamma_stat_mjmeanSd0_bin_38   0.99763 +0.0216446 -0.0216446  0.000696691   -0.000687141  0   0 
gamma_stat_mjmeanSd0_bin_39   0.990238 +0.0259713 -0.0259713  0.000603766   -0.000595956  0   0 
gamma_stat_mjmeanSd0_bin_4   1.03561 +0.0811718 -0.0811718  0.000271871   -0.000263623  0   0 
gamma_stat_mjmeanSd0_bin_40   0.998858 +0.0260063 -0.0260063  0.000438826   -0.000429726  0   0 
gamma_stat_mjmeanSd0_bin_41   0.995051 +0.0281564 -0.0281564  0.000597722   -0.000588946  0   0 
gamma_stat_mjmeanSd0_bin_42   0.994452 +0.0318349 -0.0318349  0.000572668   -0.000563829  0   0 
gamma_stat_mjmeanSd0_bin_43   1.01114 +0.0430622 -0.0430622  0.000720237   -0.000711581  0   0 
gamma_stat_mjmeanSd0_bin_44   0.996736 +0.0344492 -0.0344492  0.00042266   -0.000414005  0   0 
gamma_stat_mjmeanSd0_bin_45   1.00201 +0.0369276 -0.0369276  0.000565679   -0.000557475  0   0 
gamma_stat_mjmeanSd0_bin_46   1.00969 +0.0424171 -0.0424171  0.000299575   -0.000291688  0   0 
gamma_stat_mjmeanSd0_bin_47   1.00602 +0.0410565 -0.0410565  0.000342013   -0.000334291  0   0 
gamma_stat_mjmeanSd0_bin_48   0.990597 +0.0499747 -0.0499747  0.000521524   -0.000513196  0   0 
gamma_stat_mjmeanSd0_bin_49   1.00923 +0.0465348 -0.0465348  0.00040482   -0.000397301  0   0 
gamma_stat_mjmeanSd0_bin_5   0.989509 +0.0498093 -0.0498093  -3.51982e-05   4.26584e-05  0   0 
gamma_stat_mjmeanSd0_bin_50   0.9908 +0.0496231 -0.0496231  0.000249552   -0.000241702  0   0 
gamma_stat_mjmeanSd0_bin_51   0.997399 +0.0608309 -0.0608309  0.000283102   -0.00027533  0   0 
gamma_stat_mjmeanSd0_bin_52   0.988494 +0.0589672 -0.0589672  2.39511e-05   -1.64244e-05  0   0 
gamma_stat_mjmeanSd0_bin_53   0.995594 +0.0617929 -0.0617929  0.000155552   -0.000147871  0   0 
gamma_stat_mjmeanSd0_bin_54   0.995422 +0.072435 -0.072435  0.000137451   -0.000129827  0   0 
gamma_stat_mjmeanSd0_bin_55   0.99841 +0.0567698 -0.0567698  7.8575e-05   -7.12136e-05  0   0 
gamma_stat_mjmeanSd0_bin_56   0.99098 +0.0527845 -0.0527845  0.000119622   -0.000112206  0   0 
gamma_stat_mjmeanSd0_bin_6   1.00014 +0.0515299 -0.0515299  -8.90874e-05   9.65811e-05  0   0 
gamma_stat_mjmeanSd0_bin_7   0.941568 +0.0543812 -0.0543812  -0.000816191   -0.000548498  0   0 
gamma_stat_mjmeanSd0_bin_8   1.01009 +0.0400912 -0.0400912  -4.60947e-05   5.33046e-05  0   0 
gamma_stat_mjmeanSd0_bin_9   1.00578 +0.0341432 -0.0341432  0.000140179   -0.000132902  0   0 
gamma_stat_nmjmeanSd0_2TAG_bin_0   1.00108 +0.158123 -0.158123  -1.2652e-05   1.98978e-05  0   0 
gamma_stat_nmjmeanSd0_2TAG_bin_1   0.999765 +0.0678943 -0.0678943  -7.58085e-05   8.30717e-05  0   0 
gamma_stat_nmjmeanSd0_2TAG_bin_17   0.992464 +0.0197549 -0.0197549  -0.000441991   0.000443895  0   0 
gamma_stat_nmjmeanSd0_2TAG_bin_18   0.990365 +0.0202267 -0.0202267  -0.000463235   0.000465572  0   0 
gamma_stat_nmjmeanSd0_2TAG_bin_19   0.990087 +0.0214062 -0.0214062  -0.000313787   0.000316838  0   0 
gamma_stat_nmjmeanSd0_2TAG_bin_2   1.02582 +0.146873 -0.146873  -5.91308e-05   6.73281e-05  0   0 
gamma_stat_nmjmeanSd0_2TAG_bin_20   0.987549 +0.0229161 -0.0229161  -0.000298186   0.000303032  0   0 
gamma_stat_nmjmeanSd0_2TAG_bin_21   0.992227 +0.0253285 -0.0253285  -0.000212122   0.000216886  0   0 
gamma_stat_nmjmeanSd0_2TAG_bin_22   0.98659 +0.0281956 -0.0281956  -0.000250337   0.000254963  0   0 
gamma_stat_nmjmeanSd0_2TAG_bin_23   0.999638 +0.033116 -0.033116  -0.000227786   0.000234203  0   0 
gamma_stat_nmjmeanSd0_2TAG_bin_24   0.994601 +0.0323189 -0.0323189  -0.000153279   0.000158459  0   0 
gamma_stat_nmjmeanSd0_2TAG_bin_25   0.982732 +0.040147 -0.040147  -0.000205325   0.000210303  0   0 
gamma_stat_nmjmeanSd0_2TAG_bin_26   0.993238 +0.0372716 -0.0372716  -0.000120962   0.000126743  0   0 
gamma_stat_nmjmeanSd0_2TAG_bin_27   0.998035 +0.0369339 -0.0369339  -9.93454e-05   0.000104831  0   0 
gamma_stat_nmjmeanSd0_2TAG_bin_28   0.977222 +0.039845 -0.039845  -0.000157144   0.000163335  0   0 
gamma_stat_nmjmeanSd0_2TAG_bin_29   1.00003 +0.0481315 -0.0481315  -0.000128776   0.000135945  0   0 
gamma_stat_nmjmeanSd0_2TAG_bin_3   0.992764 +0.0726828 -0.0726828  -6.68865e-05   7.38366e-05  0   0 
gamma_stat_nmjmeanSd0_2TAG_bin_30   0.997623 +0.0301628 -0.0301628  -2.42306e-05   3.12029e-05  0   0 
gamma_stat_nmjmeanSd0_2TAG_bin_31   1.0029 +0.0491096 -0.0491096  -4.24707e-05   5.00082e-05  0   0 
gamma_stat_nmjmeanSd0_2TAG_bin_32   1.00469 +0.0564121 -0.0564121  -1.09156e-05   1.82557e-05  0   0 
gamma_stat_nmjmeanSd0_2TAG_bin_33   0.99878 +0.0427766 -0.0427766  -9.92391e-06   1.71452e-05  0   0 
gamma_stat_nmjmeanSd0_2TAG_bin_4   1.00422 +0.0345116 -0.0345116  -8.24225e-05   8.9836e-05  0   0 
gamma_stat_nmjmeanSd0_2TAG_bin_5   0.997908 +0.0484986 -0.0484986  -0.000216575   0.000223271  0   0 
gamma_stat_nmjmeanSd0_2TAG_bin_6   1.01619 +0.045903 -0.045903  -0.000340334   0.000348269  0   0 
gamma_stat_nmjmeanSd0_2TAG_bin_7   1.00537 +0.0328889 -0.0328889  -0.000361271   0.000373956  0   0 
gamma_stat_nmjmeanSd0_2TAG_bin_8   1.00085 +0.0278533 -0.0278533  -0.000414553   0.000423865  0   0 
gamma_stat_nmjmeanSd0_2TAG_bin_9   0.997332 +0.022987 -0.022987  -0.000656219   0.000661028  0   0 
gamma_stat_nmjmeanSd0_bin_0   1.00628 +0.121071 -0.121071  0.000371438   -0.000364016  0   0 
gamma_stat_nmjmeanSd0_bin_1   1.00192 +0.24778 -0.24778  0.000233582   -0.00022636  0   0 
gamma_stat_nmjmeanSd0_bin_10   0.998615 +0.05738 -0.05738  0.000656074   -0.00064828  0   0 
gamma_stat_nmjmeanSd0_bin_11   1.04361 +0.0599168 -0.0599168  0.00053936   -0.000517972  0   0 
gamma_stat_nmjmeanSd0_bin_12   1.02009 +0.0492256 -0.0492256  0.000735057   -0.00072474  0   0 
gamma_stat_nmjmeanSd0_bin_13   1.00243 +0.0373971 -0.0373971  0.000652795   -0.000645524  0   0 
gamma_stat_nmjmeanSd0_bin_14   1.00525 +0.0377097 -0.0377097  0.000454766   -0.000447658  0   0 
gamma_stat_nmjmeanSd0_bin_15   1.01798 +0.0314967 -0.0314967  -8.55999e-05   0.000110851  0   0 
gamma_stat_nmjmeanSd0_bin_16   1.00641 +0.0205189 -0.0205189  -0.000259516   0.000264846  0   0 
gamma_stat_nmjmeanSd0_bin_2   0.976445 +0.153365 -0.153365  0.000482869   -0.000475014  0   0 
gamma_stat_nmjmeanSd0_bin_27   1.0107 +0.0189093 -0.0189093  0.0031732   -0.00315521  0   0 
gamma_stat_nmjmeanSd0_bin_28   1.0021 +0.0217213 -0.0217213  0.00378944   -0.00376073  0   0 
gamma_stat_nmjmeanSd0_bin_29   0.992315 +0.0230188 -0.0230188  0.00376819   -0.00373478  0   0 
gamma_stat_nmjmeanSd0_bin_3   1.23129 +0.162419 -0.162419  0.000548095   -0.000279162  0   0 
gamma_stat_nmjmeanSd0_bin_30   1.00356 +0.0249386 -0.0249386  0.00360125   -0.00357077  0   0 
gamma_stat_nmjmeanSd0_bin_31   0.987348 +0.0298002 -0.0298002  0.00363462   -0.00360205  0   0 
gamma_stat_nmjmeanSd0_bin_32   1.02381 +0.0414106 -0.0414106  0.00442119   -0.00438847  0   0 
gamma_stat_nmjmeanSd0_bin_33   0.999957 +0.0298933 -0.0298933  0.00275397   -0.00273189  0   0 
gamma_stat_nmjmeanSd0_bin_34   1.00267 +0.0322028 -0.0322028  0.00247562   -0.00245649  0   0 
gamma_stat_nmjmeanSd0_bin_35   0.988605 +0.0398298 -0.0398298  0.00280553   -0.00279479  0   0 
gamma_stat_nmjmeanSd0_bin_36   0.995084 +0.0375158 -0.0375158  0.00278807   -0.00277116  0   0 
gamma_stat_nmjmeanSd0_bin_37   0.978014 +0.040232 -0.040232  0.0021668   -0.00215268  0   0 
gamma_stat_nmjmeanSd0_bin_38   1.004 +0.0477016 -0.0477016  0.00212643   -0.00211026  0   0 
gamma_stat_nmjmeanSd0_bin_39   0.948978 +0.0568658 -0.0568658  0.00229081   -0.00223743  0   0 
gamma_stat_nmjmeanSd0_bin_4   1.05737 +0.135661 -0.135661  0.00066859   -0.000660039  0   0 
gamma_stat_nmjmeanSd0_bin_40   1.02306 +0.0553435 -0.0553435  0.0021565   -0.00214246  0   0 
gamma_stat_nmjmeanSd0_bin_41   0.978353 +0.0649421 -0.0649421  0.00188689   -0.00187643  0   0 
gamma_stat_nmjmeanSd0_bin_42   1.03527 +0.0587633 -0.0587633  0.00136953   -0.0013601  0   0 
gamma_stat_nmjmeanSd0_bin_43   1.01318 +0.0648256 -0.0648256  0.00161706   -0.00160645  0   0 
gamma_stat_nmjmeanSd0_bin_44   1.04113 +0.0637679 -0.0637679  0.00144174   -0.00143237  0   0 
gamma_stat_nmjmeanSd0_bin_45   0.994672 +0.102549 -0.102549  0.00130658   -0.00129572  0   0 
gamma_stat_nmjmeanSd0_bin_46   1.01952 +0.105151 -0.105151  0.0013211   -0.0013114  0   0 
gamma_stat_nmjmeanSd0_bin_47   1.01737 +0.0690836 -0.0690836  0.000883815   -0.000875329  0   0 
gamma_stat_nmjmeanSd0_bin_48   1.01657 +0.0751951 -0.0751951  0.000706942   -0.000698956  0   0 
gamma_stat_nmjmeanSd0_bin_49   0.99319 +0.0939799 -0.0939799  0.000790285   -0.000781537  0   0 
gamma_stat_nmjmeanSd0_bin_5   1.03856 +0.100735 -0.100735  0.000373913   -0.000363892  0   0 
gamma_stat_nmjmeanSd0_bin_50   0.996961 +0.101374 -0.101374  0.000615273   -0.000607326  0   0 
gamma_stat_nmjmeanSd0_bin_51   0.943752 +0.156759 -0.156759  0.00104947   -0.00104129  0   0 
gamma_stat_nmjmeanSd0_bin_52   1.02048 +0.147995 -0.147995  0.000865853   -0.000857613  0   0 
gamma_stat_nmjmeanSd0_bin_53   1.00036 +0.0713112 -0.0713112  0.0002664   -0.000259085  0   0 
gamma_stat_nmjmeanSd0_bin_6   1.04932 +0.0923201 -0.0923201  0.000401754   -0.000394129  0   0 
gamma_stat_nmjmeanSd0_bin_7   0.999284 +0.117837 -0.117837  0.000814029   -0.000805795  0   0 
gamma_stat_nmjmeanSd0_bin_8   0.999759 +0.0878937 -0.0878937  0.000725125   -0.000717022  0   0 
gamma_stat_nmjmeanSd0_bin_9   1.03273 +0.0771427 -0.0771427  0.00117044   -0.00115902  0   0 
