BB   0.676156 +0.0930829 -0.0930829  -0.0781308   0.103938  0   0 
BL   0.665215 +0.100132 -0.100132  0.0283227   -0.0255599  0   0 
CC   0.754808 +0.338074 -0.338074  0.0539541   -0.0464562  0   0 
CL   0.791623 +0.261125 -0.261125  -0.00996478   0.0164687  0   0 
LL   0.678474 +0.0385755 -0.0385755  -0.0131144   0.0135226  0   0 
gamma_stat_mjmeanSd0_2TAG_bin_0   1.00037 +0.112516 -0.112516  -1.92359e-05   1.87677e-05  0   0 
gamma_stat_mjmeanSd0_2TAG_bin_1   0.998936 +0.180761 -0.180761  -0.000296935   0.000296983  0   0 
gamma_stat_mjmeanSd0_2TAG_bin_10   0.998441 +0.0314527 -0.0314527  -0.00144224   0.00146099  0   0 
gamma_stat_mjmeanSd0_2TAG_bin_11   1.00018 +0.0282132 -0.0282132  -0.00165183   0.00167382  0   0 
gamma_stat_mjmeanSd0_2TAG_bin_12   0.999691 +0.0274039 -0.0274039  -0.00169248   0.00171944  0   0 
gamma_stat_mjmeanSd0_2TAG_bin_13   0.997051 +0.028699 -0.028699  -0.00151016   0.00154722  0   0 
gamma_stat_mjmeanSd0_2TAG_bin_14   0.998796 +0.0283201 -0.0283201  -0.00131505   0.00133836  0   0 
gamma_stat_mjmeanSd0_2TAG_bin_15   1.00064 +0.0308245 -0.0308245  -0.00115603   0.00117128  0   0 
gamma_stat_mjmeanSd0_2TAG_bin_16   0.99978 +0.0344321 -0.0344321  -0.0011605   0.00118258  0   0 
gamma_stat_mjmeanSd0_2TAG_bin_17   0.999897 +0.0366982 -0.0366982  -0.000959101   0.000972311  0   0 
gamma_stat_mjmeanSd0_2TAG_bin_18   0.998764 +0.0371668 -0.0371668  -0.000855701   0.000869486  0   0 
gamma_stat_mjmeanSd0_2TAG_bin_19   0.998453 +0.0409957 -0.0409957  -0.000807411   0.000821274  0   0 
gamma_stat_mjmeanSd0_2TAG_bin_2   1.00432 +0.144854 -0.144854  -0.000153124   0.00015271  0   0 
gamma_stat_mjmeanSd0_2TAG_bin_20   1.00362 +0.0500339 -0.0500339  -0.000859745   0.000866938  0   0 
gamma_stat_mjmeanSd0_2TAG_bin_21   0.995906 +0.0477835 -0.0477835  -0.000743875   0.000760207  0   0 
gamma_stat_mjmeanSd0_2TAG_bin_22   0.99846 +0.062969 -0.062969  -0.000912453   0.000932125  0   0 
gamma_stat_mjmeanSd0_2TAG_bin_23   1.00287 +0.0571989 -0.0571989  -0.000748297   0.000754975  0   0 
gamma_stat_mjmeanSd0_2TAG_bin_24   1.00118 +0.0617437 -0.0617437  -0.000571519   0.000576466  0   0 
gamma_stat_mjmeanSd0_2TAG_bin_25   0.997023 +0.0552821 -0.0552821  -0.000415239   0.000420959  0   0 
gamma_stat_mjmeanSd0_2TAG_bin_26   0.997506 +0.0619632 -0.0619632  -0.000348933   0.000353026  0   0 
gamma_stat_mjmeanSd0_2TAG_bin_27   1.00582 +0.0795106 -0.0795106  -0.000378821   0.000378478  0   0 
gamma_stat_mjmeanSd0_2TAG_bin_28   1.00071 +0.0699431 -0.0699431  -0.000205688   0.000205874  0   0 
gamma_stat_mjmeanSd0_2TAG_bin_29   0.999728 +0.0709269 -0.0709269  -0.000113083   0.000112879  0   0 
gamma_stat_mjmeanSd0_2TAG_bin_3   0.996301 +0.162965 -0.162965  -0.000332806   0.000335572  0   0 
gamma_stat_mjmeanSd0_2TAG_bin_30   1.00072 +0.0956344 -0.0956344  -3.24745e-05   3.20054e-05  0   0 
gamma_stat_mjmeanSd0_2TAG_bin_4   0.999242 +0.101202 -0.101202  -0.000273109   0.000274023  0   0 
gamma_stat_mjmeanSd0_2TAG_bin_5   1.01566 +0.0845262 -0.0845262  -0.000324522   0.000318498  0   0 
gamma_stat_mjmeanSd0_2TAG_bin_6   0.996753 +0.0859958 -0.0859958  -0.000594046   0.000599303  0   0 
gamma_stat_mjmeanSd0_2TAG_bin_7   1.02699 +0.0794425 -0.0794425  -0.000579192   0.000567541  0   0 
gamma_stat_mjmeanSd0_2TAG_bin_8   1.00438 +0.0466542 -0.0466542  -0.000843265   0.000844517  0   0 
gamma_stat_mjmeanSd0_2TAG_bin_9   1.00172 +0.0420583 -0.0420583  -0.00122383   0.00123223  0   0 
gamma_stat_mjmeanSd0_bin_0   1.18866 +0.526788 -0.526788  -0.00190662   0.00200218  0   0 
gamma_stat_mjmeanSd0_bin_1   0.991055 +0.241216 -0.241216  3.32743e-05   -3.36132e-05  0   0 
gamma_stat_mjmeanSd0_bin_10   1.02174 +0.0911169 -0.0911169  -0.000166578   0.000148053  0   0 
gamma_stat_mjmeanSd0_bin_11   1.00116 +0.0786942 -0.0786942  0.000159325   -0.000157794  0   0 
gamma_stat_mjmeanSd0_bin_12   0.982364 +0.0750495 -0.0750495  0.000224229   -0.000222931  0   0 
gamma_stat_mjmeanSd0_bin_13   0.988235 +0.0888581 -0.0888581  0.000342389   -0.000330172  0   0 
gamma_stat_mjmeanSd0_bin_14   1.0086 +0.0541533 -0.0541533  1.90266e-05   -2.88954e-05  0   0 
gamma_stat_mjmeanSd0_bin_15   1.00415 +0.0379973 -0.0379973  -2.85535e-06   4.21276e-06  0   0 
gamma_stat_mjmeanSd0_bin_16   1.00119 +0.0355376 -0.0355376  0.000529509   -0.000492685  0   0 
gamma_stat_mjmeanSd0_bin_17   1.00536 +0.0301022 -0.0301022  -0.000124257   0.000190916  0   0 
gamma_stat_mjmeanSd0_bin_18   1.0019 +0.0213857 -0.0213857  -1.09972e-07   0.00011377  0   0 
gamma_stat_mjmeanSd0_bin_2   0.974518 +0.244355 -0.244355  -2.40498e-05   2.53188e-05  0   0 
gamma_stat_mjmeanSd0_bin_25   0.999706 +0.0202569 -0.0202569  0.0011249   -0.00106117  0   0 
gamma_stat_mjmeanSd0_bin_26   0.998964 +0.023811 -0.023811  0.00221429   -0.0021368  0   0 
gamma_stat_mjmeanSd0_bin_27   0.989105 +0.0605314 -0.0605314  0.00332705   -0.00301353  0   0 
gamma_stat_mjmeanSd0_bin_28   1.00034 +0.0262599 -0.0262599  0.00140939   -0.0013672  0   0 
gamma_stat_mjmeanSd0_bin_29   0.997679 +0.0267935 -0.0267935  0.00111539   -0.00108787  0   0 
gamma_stat_mjmeanSd0_bin_3   1.01485 +0.290182 -0.290182  -0.000211887   0.000212007  0   0 
gamma_stat_mjmeanSd0_bin_30   1.00023 +0.0313785 -0.0313785  0.00109627   -0.00106689  0   0 
gamma_stat_mjmeanSd0_bin_31   0.998808 +0.0394844 -0.0394844  0.00202796   -0.00197708  0   0 
gamma_stat_mjmeanSd0_bin_32   0.995429 +0.0369612 -0.0369612  0.00179217   -0.00175641  0   0 
gamma_stat_mjmeanSd0_bin_33   0.994164 +0.0445841 -0.0445841  0.00154264   -0.00151495  0   0 
gamma_stat_mjmeanSd0_bin_34   1.00335 +0.0396244 -0.0396244  0.0011192   -0.00110777  0   0 
gamma_stat_mjmeanSd0_bin_35   0.990878 +0.0591141 -0.0591141  0.00178373   -0.00175236  0   0 
gamma_stat_mjmeanSd0_bin_36   0.996493 +0.0475984 -0.0475984  0.000876579   -0.000866726  0   0 
gamma_stat_mjmeanSd0_bin_37   1.00283 +0.0631612 -0.0631612  0.00112157   -0.00110993  0   0 
gamma_stat_mjmeanSd0_bin_38   1.00141 +0.0646972 -0.0646972  0.00100554   -0.00099409  0   0 
gamma_stat_mjmeanSd0_bin_39   1.00215 +0.0637199 -0.0637199  0.000780926   -0.000773362  0   0 
gamma_stat_mjmeanSd0_bin_4   0.99934 +0.147265 -0.147265  0.000160956   -0.000161134  0   0 
gamma_stat_mjmeanSd0_bin_40   1.00582 +0.0750053 -0.0750053  0.00108386   -0.00107681  0   0 
gamma_stat_mjmeanSd0_bin_41   1.02127 +0.110652 -0.110652  0.00106583   -0.00106254  0   0 
gamma_stat_mjmeanSd0_bin_42   0.991577 +0.0798282 -0.0798282  0.000362496   -0.000358309  0   0 
gamma_stat_mjmeanSd0_bin_43   1.00448 +0.0793279 -0.0793279  0.00038116   -0.000379321  0   0 
gamma_stat_mjmeanSd0_bin_44   0.981106 +0.132866 -0.132866  0.00102378   -0.0010194  0   0 
gamma_stat_mjmeanSd0_bin_45   1.01084 +0.109941 -0.109941  0.000695275   -0.00069344  0   0 
gamma_stat_mjmeanSd0_bin_46   0.994803 +0.114103 -0.114103  0.000360705   -0.000359136  0   0 
gamma_stat_mjmeanSd0_bin_47   1.01698 +0.188665 -0.188665  0.000278994   -0.000276239  0   0 
gamma_stat_mjmeanSd0_bin_48   1.00149 +0.132541 -0.132541  0.000442098   -0.000441296  0   0 
gamma_stat_mjmeanSd0_bin_49   1.02156 +0.139773 -0.139773  0.000387275   -0.000389556  0   0 
gamma_stat_mjmeanSd0_bin_5   1.02017 +0.137519 -0.137519  -4.64026e-05   4.26476e-05  0   0 
gamma_stat_mjmeanSd0_bin_50   0.997889 +0.143039 -0.143039  0.000148462   -0.000148452  0   0 
gamma_stat_mjmeanSd0_bin_51   0.988295 +0.131124 -0.131124  0.000276357   -0.000276287  0   0 
gamma_stat_mjmeanSd0_bin_52   0.996124 +0.178018 -0.178018  0.000181154   -0.000180808  0   0 
gamma_stat_mjmeanSd0_bin_53   0.980321 +0.206471 -0.206471  4.60398e-06   -4.82732e-06  0   0 
gamma_stat_mjmeanSd0_bin_54   1.00199 +0.214952 -0.214952  -0.000182864   0.000183087  0   0 
gamma_stat_mjmeanSd0_bin_55   0.90412 +0.367871 -0.367871  0.00074284   -0.000742112  0   0 
gamma_stat_mjmeanSd0_bin_56   1.02431 +0.232069 -0.232069  -0.000109044   0.000107522  0   0 
gamma_stat_mjmeanSd0_bin_57   1.03111 +0.287011 -0.287011  0.000135293   -0.000136519  0   0 
gamma_stat_mjmeanSd0_bin_58   0.987494 +0.299251 -0.299251  0.000277772   -0.000278047  0   0 
gamma_stat_mjmeanSd0_bin_6   1.00567 +0.117642 -0.117642  -2.48729e-05   2.45146e-05  0   0 
gamma_stat_mjmeanSd0_bin_7   0.988647 +0.104729 -0.104729  -0.000126351   0.000127027  0   0 
gamma_stat_mjmeanSd0_bin_8   1.14897 +0.33187 -0.33187  9.7555e-05   -2.71188e-05  0   0 
gamma_stat_mjmeanSd0_bin_9   1.0138 +0.107336 -0.107336  -0.00030401   0.000300492  0   0 
gamma_stat_nmjmeanSd0_2TAG_bin_0   0.99993 +0.159499 -0.159499  -1.88824e-05   1.84312e-05  0   0 
gamma_stat_nmjmeanSd0_2TAG_bin_1   0.956456 +0.387027 -0.387027  0.000210105   -0.000206202  0   0 
gamma_stat_nmjmeanSd0_2TAG_bin_10   1.00258 +0.061301 -0.061301  -0.000883495   0.000886025  0   0 
gamma_stat_nmjmeanSd0_2TAG_bin_11   1.00011 +0.0245513 -0.0245513  -0.00128755   0.00130123  0   0 
gamma_stat_nmjmeanSd0_2TAG_bin_12   1.0021 +0.0260602 -0.0260602  -0.00233609   0.0023707  0   0 
gamma_stat_nmjmeanSd0_2TAG_bin_13   0.999196 +0.0276612 -0.0276612  -0.00154024   0.00156912  0   0 
gamma_stat_nmjmeanSd0_2TAG_bin_14   0.996432 +0.0326678 -0.0326678  -0.00173631   0.00178951  0   0 
gamma_stat_nmjmeanSd0_2TAG_bin_15   1.00156 +0.0286621 -0.0286621  -0.00159181   0.00160963  0   0 
gamma_stat_nmjmeanSd0_2TAG_bin_16   1.00463 +0.0317147 -0.0317147  -0.00128018   0.00129061  0   0 
gamma_stat_nmjmeanSd0_2TAG_bin_17   1.00208 +0.0340276 -0.0340276  -0.00103554   0.00104575  0   0 
gamma_stat_nmjmeanSd0_2TAG_bin_18   0.994815 +0.034917 -0.034917  -0.000780556   0.000812824  0   0 
gamma_stat_nmjmeanSd0_2TAG_bin_19   1.0044 +0.0387142 -0.0387142  -0.000829889   0.000834373  0   0 
gamma_stat_nmjmeanSd0_2TAG_bin_2   0.994829 +0.181338 -0.181338  -6.75571e-05   6.74679e-05  0   0 
gamma_stat_nmjmeanSd0_2TAG_bin_20   0.996376 +0.0435147 -0.0435147  -0.000879142   0.000905115  0   0 
gamma_stat_nmjmeanSd0_2TAG_bin_21   0.997253 +0.0449853 -0.0449853  -0.000581332   0.000598527  0   0 
gamma_stat_nmjmeanSd0_2TAG_bin_22   1.00222 +0.0538401 -0.0538401  -0.000600082   0.000605857  0   0 
gamma_stat_nmjmeanSd0_2TAG_bin_23   0.99466 +0.0558627 -0.0558627  -0.000553572   0.000577451  0   0 
gamma_stat_nmjmeanSd0_2TAG_bin_24   1.00907 +0.057519 -0.057519  -0.000486043   0.000484699  0   0 
gamma_stat_nmjmeanSd0_2TAG_bin_25   0.992569 +0.0615665 -0.0615665  -0.000410783   0.0004284  0   0 
gamma_stat_nmjmeanSd0_2TAG_bin_26   0.998226 +0.0643099 -0.0643099  -0.000431991   0.000441546  0   0 
gamma_stat_nmjmeanSd0_2TAG_bin_27   0.997151 +0.0797446 -0.0797446  -0.000673242   0.000679795  0   0 
gamma_stat_nmjmeanSd0_2TAG_bin_28   1.00073 +0.0792473 -0.0792473  -0.000317204   0.000319899  0   0 
gamma_stat_nmjmeanSd0_2TAG_bin_29   0.992137 +0.113382 -0.113382  -0.000452875   0.000461297  0   0 
gamma_stat_nmjmeanSd0_2TAG_bin_3   0.990818 +0.1581 -0.1581  -0.000135441   0.000136777  0   0 
gamma_stat_nmjmeanSd0_2TAG_bin_30   1.00189 +0.0909006 -0.0909006  -0.000319635   0.000322096  0   0 
gamma_stat_nmjmeanSd0_2TAG_bin_31   1.00067 +0.0725495 -0.0725495  -0.000126528   0.000126894  0   0 
gamma_stat_nmjmeanSd0_2TAG_bin_32   1.0036 +0.0896373 -0.0896373  -0.000149414   0.000149102  0   0 
gamma_stat_nmjmeanSd0_2TAG_bin_33   0.996156 +0.0993638 -0.0993638  -0.000153826   0.000155274  0   0 
gamma_stat_nmjmeanSd0_2TAG_bin_34   0.99845 +0.0877712 -0.0877712  -7.91391e-05   7.92405e-05  0   0 
gamma_stat_nmjmeanSd0_2TAG_bin_35   1.00221 +0.162232 -0.162232  -0.000125284   0.000124982  0   0 
gamma_stat_nmjmeanSd0_2TAG_bin_36   0.999369 +0.141003 -0.141003  -2.70994e-05   2.66836e-05  0   0 
gamma_stat_nmjmeanSd0_2TAG_bin_4   0.987548 +0.170939 -0.170939  -0.000249792   0.000251865  0   0 
gamma_stat_nmjmeanSd0_2TAG_bin_5   1.0152 +0.143747 -0.143747  -0.000123604   0.00012211  0   0 
gamma_stat_nmjmeanSd0_2TAG_bin_6   1.01163 +0.104743 -0.104743  -0.000240905   0.000238979  0   0 
gamma_stat_nmjmeanSd0_2TAG_bin_7   0.996214 +0.100786 -0.100786  -0.000339667   0.00034295  0   0 
gamma_stat_nmjmeanSd0_2TAG_bin_8   0.997363 +0.0901733 -0.0901733  -0.000571996   0.000574749  0   0 
gamma_stat_nmjmeanSd0_2TAG_bin_9   1.00289 +0.0613762 -0.0613762  -0.000487936   0.000488736  0   0 
gamma_stat_nmjmeanSd0_bin_0   1.11418 +0.305891 -0.305891  0.000273605   -0.000203121  0   0 
gamma_stat_nmjmeanSd0_bin_1   1.09466 +0.448266 -0.448266  0.000422211   -0.000419559  0   0 
gamma_stat_nmjmeanSd0_bin_10   1.02189 +0.0972602 -0.0972602  0.000580536   -0.000584343  0   0 
gamma_stat_nmjmeanSd0_bin_11   1.0262 +0.144535 -0.144535  0.00103094   -0.00103392  0   0 
gamma_stat_nmjmeanSd0_bin_12   1.00712 +0.0947374 -0.0947374  7.5197e-05   -7.40316e-05  0   0 
gamma_stat_nmjmeanSd0_bin_13   1.04391 +0.108395 -0.108395  0.00102844   -0.000968372  0   0 
gamma_stat_nmjmeanSd0_bin_14   1.01962 +0.0711643 -0.0711643  0.000659215   -0.00066944  0   0 
gamma_stat_nmjmeanSd0_bin_15   0.997328 +0.0598142 -0.0598142  -0.000111342   0.000130284  0   0 
gamma_stat_nmjmeanSd0_bin_16   0.981858 +0.0494925 -0.0494925  0.000622539   -0.000596923  0   0 
gamma_stat_nmjmeanSd0_bin_17   1.00014 +0.0295618 -0.0295618  -0.000644136   0.000673331  0   0 
gamma_stat_nmjmeanSd0_bin_2   1.00935 +0.235069 -0.235069  -0.000394994   0.000396986  0   0 
gamma_stat_nmjmeanSd0_bin_20   0.989624 +0.022642 -0.022642  -0.00525642   0.00699273  0   0 
gamma_stat_nmjmeanSd0_bin_21   1.00058 +0.0201553 -0.0201553  -0.000595617   0.00079685  0   0 
gamma_stat_nmjmeanSd0_bin_22   0.999383 +0.0242825 -0.0242825  0.00124437   -0.00110721  0   0 
gamma_stat_nmjmeanSd0_bin_23   1.01023 +0.032607 -0.032607  0.00212341   -0.0019882  0   0 
gamma_stat_nmjmeanSd0_bin_24   1.00092 +0.026937 -0.026937  0.0020836   -0.00203112  0   0 
gamma_stat_nmjmeanSd0_bin_25   0.995576 +0.0341418 -0.0341418  0.0030094   -0.00294939  0   0 
gamma_stat_nmjmeanSd0_bin_26   1.0069 +0.0471906 -0.0471906  0.00459817   -0.0044992  0   0 
gamma_stat_nmjmeanSd0_bin_27   0.995411 +0.0305139 -0.0305139  0.00255045   -0.00253035  0   0 
gamma_stat_nmjmeanSd0_bin_28   1.00627 +0.0401197 -0.0401197  0.00310882   -0.00307111  0   0 
gamma_stat_nmjmeanSd0_bin_29   1.00335 +0.0392512 -0.0392512  0.00250343   -0.00248144  0   0 
gamma_stat_nmjmeanSd0_bin_3   1.07201 +0.331451 -0.331451  0.000321116   -0.000325115  0   0 
gamma_stat_nmjmeanSd0_bin_30   0.997062 +0.0445984 -0.0445984  0.00356454   -0.00352608  0   0 
gamma_stat_nmjmeanSd0_bin_31   1.00943 +0.0451944 -0.0451944  0.00240403   -0.00237848  0   0 
gamma_stat_nmjmeanSd0_bin_32   0.996749 +0.0544844 -0.0544844  0.00306667   -0.00303988  0   0 
gamma_stat_nmjmeanSd0_bin_33   0.999585 +0.0541749 -0.0541749  0.00252691   -0.00250735  0   0 
gamma_stat_nmjmeanSd0_bin_34   0.970571 +0.0931628 -0.0931628  0.00349084   -0.00347591  0   0 
gamma_stat_nmjmeanSd0_bin_35   0.991465 +0.0643801 -0.0643801  0.00233691   -0.00232323  0   0 
gamma_stat_nmjmeanSd0_bin_36   0.99532 +0.0770619 -0.0770619  0.00166073   -0.00165253  0   0 
gamma_stat_nmjmeanSd0_bin_37   1.01723 +0.0897093 -0.0897093  0.00249319   -0.0024683  0   0 
gamma_stat_nmjmeanSd0_bin_38   1.01416 +0.0889123 -0.0889123  0.00184367   -0.00183145  0   0 
gamma_stat_nmjmeanSd0_bin_39   1.00524 +0.0852607 -0.0852607  0.00123691   -0.00122988  0   0 
gamma_stat_nmjmeanSd0_bin_4   0.983266 +0.301279 -0.301279  0.000387955   -0.000387967  0   0 
gamma_stat_nmjmeanSd0_bin_40   0.993521 +0.157384 -0.157384  0.00219045   -0.00217789  0   0 
gamma_stat_nmjmeanSd0_bin_41   0.94892 +0.166928 -0.166928  0.00296031   -0.00295091  0   0 
gamma_stat_nmjmeanSd0_bin_42   0.998264 +0.104335 -0.104335  0.00101763   -0.00101537  0   0 
gamma_stat_nmjmeanSd0_bin_43   0.997265 +0.154016 -0.154016  0.00213136   -0.00211802  0   0 
gamma_stat_nmjmeanSd0_bin_44   0.972702 +0.13754 -0.13754  0.00126486   -0.00126529  0   0 
gamma_stat_nmjmeanSd0_bin_45   0.990202 +0.122519 -0.122519  0.00113502   -0.00113239  0   0 
gamma_stat_nmjmeanSd0_bin_46   0.983811 +0.140868 -0.140868  0.000836354   -0.000835981  0   0 
gamma_stat_nmjmeanSd0_bin_47   1.00428 +0.135019 -0.135019  0.00090478   -0.000902794  0   0 
gamma_stat_nmjmeanSd0_bin_48   1.02288 +0.176629 -0.176629  0.00117366   -0.001169  0   0 
gamma_stat_nmjmeanSd0_bin_49   0.977232 +0.206704 -0.206704  0.000635426   -0.000634901  0   0 
gamma_stat_nmjmeanSd0_bin_5   0.979837 +0.215606 -0.215606  0.000377576   -0.000377781  0   0 
gamma_stat_nmjmeanSd0_bin_50   1.01639 +0.19805 -0.19805  0.00106975   -0.00106646  0   0 
gamma_stat_nmjmeanSd0_bin_51   1.02326 +0.197309 -0.197309  0.000495167   -0.000495194  0   0 
gamma_stat_nmjmeanSd0_bin_52   1.01739 +0.219183 -0.219183  0.000347543   -0.000347175  0   0 
gamma_stat_nmjmeanSd0_bin_53   0.996694 +0.26686 -0.26686  0.000800029   -0.000795598  0   0 
gamma_stat_nmjmeanSd0_bin_54   0.97501 +0.241697 -0.241697  0.000476726   -0.00047728  0   0 
gamma_stat_nmjmeanSd0_bin_55   0.986295 +0.254593 -0.254593  0.000340756   -0.000340947  0   0 
gamma_stat_nmjmeanSd0_bin_6   0.982219 +0.138294 -0.138294  0.000144195   -0.000144909  0   0 
gamma_stat_nmjmeanSd0_bin_7   0.974764 +0.159093 -0.159093  0.000366382   -0.00036684  0   0 
gamma_stat_nmjmeanSd0_bin_8   1.0401 +0.162318 -0.162318  -7.82613e-05   7.00626e-05  0   0 
gamma_stat_nmjmeanSd0_bin_9   0.990833 +0.103585 -0.103585  0.000327694   -0.000328296  0   0 
